=> ESECUZIONE COMANDO: ./topology_serial 64 256 10000 0.0001 123
RESULT,classic,64,256,10000,0.0001,123,202.319,0,5,45
RESULT,scale_free,64,256,10000,0.0001,123,253.631,0,14,45
RESULT,small_world,64,256,10000,0.0001,123,356.328,0,22,45
RESULT,random,64,256,10000,0.0001,123,241.777,0,9,45
RESULT,not_converged,22,45


--------------------------------------------------------
=> ESECUZIONE COMANDO: mpirun -np 1 ./topology_parallel 64 256 10000 0.0001 123
RESULT,classic,64,256,10000,0.0001,123,371.578,0,5,45
RESULT,scale_free,64,256,10000,0.0001,123,550.347,1.24135,14,45
RESULT,small_world,64,256,10000,0.0001,123,661.208,1.42923,22,45
RESULT,random,64,256,10000,0.0001,123,520.966,1.35359,9,45
RESULT,not_converged,22,45


--------------------------------------------------------
=> ESECUZIONE COMANDO: mpirun -np 2 ./topology_parallel 64 256 10000 0.0001 123
RESULT,classic,64,256,10000,0.0001,123,296.519,0,5,45
RESULT,scale_free,64,256,10000,0.0001,123,407.487,0.873109,14,45
RESULT,small_world,64,256,10000,0.0001,123,431.782,1.03082,22,45
RESULT,random,64,256,10000,0.0001,123,386.856,0.855245,9,45
RESULT,not_converged,22,45

--------------------------------------------------------
=> ESECUZIONE COMANDO: mpirun -np 4 ./topology_parallel 64 256 10000 0.0001 123
RESULT,classic,64,256,10000,0.0001,123,178.075,0,5,45
RESULT,scale_free,64,256,10000,0.0001,123,245.984,0.774164,14,45
RESULT,small_world,64,256,10000,0.0001,123,290.222,0.95385,22,45
RESULT,random,64,256,10000,0.0001,123,234.179,0.788708,9,45
RESULT,not_converged,22,45

--------------------------------------------------------
=> ESECUZIONE COMANDO: mpirun -np 8 ./topology_parallel 64 256 10000 0.0001 123
RESULT,classic,64,256,10000,0.0001,123,204.334,0,5,45
RESULT,scale_free,64,256,10000,0.0001,123,257.4,0.841365,14,45
RESULT,small_world,64,256,10000,0.0001,123,301.57,0.993356,22,45
RESULT,random,64,256,10000,0.0001,123,263.713,0.903405,9,45
RESULT,not_converged,22,45


--------------------------------------------------------
=> ESECUZIONE COMANDO: mpirun -np 16 ./topology_parallel 64 256 10000 0.0001 123
RESULT,classic,64,256,10000,0.0001,123,201.7,0,5,45
RESULT,scale_free,64,256,10000,0.0001,123,283.517,0.899775,14,45
RESULT,small_world,64,256,10000,0.0001,123,338.67,1.11304,22,45
RESULT,random,64,256,10000,0.0001,123,267.051,0.896883,9,45
RESULT,not_converged,22,45


--------------------------------------------------------
=> ESECUZIONE COMANDO: mpirun -np 28 ./topology_parallel 64 256 10000 0.0001 123
RESULT,classic,64,256,10000,0.0001,123,244.648,0,5,45
RESULT,scale_free,64,256,10000,0.0001,123,346.003,1.10801,14,45
RESULT,small_world,64,256,10000,0.0001,123,415.34,1.37037,22,45
RESULT,random,64,256,10000,0.0001,123,327.72,1.12081,9,45
RESULT,not_converged,22,45

========================================================
>>> RUN PER SEED 456
========================================================
--------------------------------------------------------
=> ESECUZIONE COMANDO: ./topology_serial 64 256 10000 0.0001 456
RESULT,classic,64,256,10000,0.0001,456,187.324,0,5,45
RESULT,scale_free,64,256,10000,0.0001,456,244.354,0,13,45
RESULT,small_world,64,256,10000,0.0001,456,287.378,0,22,45
RESULT,random,64,256,10000,0.0001,456,228.231,0,14,45
RESULT,not_converged,22,45


--------------------------------------------------------
=> ESECUZIONE COMANDO: mpirun -np 1 ./topology_parallel 64 256 10000 0.0001 456
RESULT,classic,64,256,10000,0.0001,456,418.672,0,5,45
RESULT,scale_free,64,256,10000,0.0001,456,565.767,1.3556,13,45
RESULT,small_world,64,256,10000,0.0001,456,666.388,1.47327,22,45
RESULT,random,64,256,10000,0.0001,456,532.936,1.31125,14,45
RESULT,not_converged,22,45


