========================================================
>>> RUN PER SEED 123
========================================================
--------------------------------------------------------
=> ESECUZIONE COMANDO: ./topology_serial 32 256 10000 0.0001 123
RESULT,classic,32,256,10000,0.0001,123,76.15,0,17,45
RESULT,scale_free,32,256,10000,0.0001,123,110.11,0,24,45
RESULT,small_world,32,256,10000,0.0001,123,125.42,0,27,45
RESULT,random,32,256,10000,0.0001,123,101.222,0,22,45
RESULT,not_converged,18,45

--------------------------------------------------------
=> ESECUZIONE COMANDO: mpirun -np 1 ./topology_parallel 32 256 10000 0.0001 123
RESULT,classic,32,256,10000,0.0001,123,77.3,0,17,45
RESULT,scale_free,32,256,10000,0.0001,123,108.637,0.367558,24,45
RESULT,small_world,32,256,10000,0.0001,123,118.005,0.410337,27,45
RESULT,random,32,256,10000,0.0001,123,102.735,0.367043,22,45
RESULT,not_converged,18,45


--------------------------------------------------------
=> ESECUZIONE COMANDO: mpirun -np 2 ./topology_parallel 32 256 10000 0.0001 123
RESULT,classic,32,256,10000,0.0001,123,76.352,0,17,45
RESULT,scale_free,32,256,10000,0.0001,123,108.9,0.37545,24,45
RESULT,small_world,32,256,10000,0.0001,123,115.987,0.415526,27,45
RESULT,random,32,256,10000,0.0001,123,113.71,0.44956,22,45
RESULT,not_converged,18,45



--------------------------------------------------------
=> ESECUZIONE COMANDO: mpirun -np 4 ./topology_parallel 32 256 10000 0.0001 123
RESULT,classic,32,256,10000,0.0001,123,76.073,0,17,45
RESULT,scale_free,32,256,10000,0.0001,123,107.105,0.354649,24,45
RESULT,small_world,32,256,10000,0.0001,123,115.783,0.397396,27,45
RESULT,random,32,256,10000,0.0


--------------------------------------------------------
=> ESECUZIONE COMANDO: mpirun -np 8 ./topology_parallel 32 256 10000 0.0001 123
RESULT,classic,32,256,10000,0.0001,123,76.1614,0,17,45
RESULT,scale_free,32,256,10000,0.0001,123,108.269,0.361971,24,45
RESULT,small_world,32,256,10000,0.0001,123,118.324,0.408268,27,45
RESULT,random,32,256,10000,0.0001,123,100.792,0.352363,22,45
RESULT,not_converged,18,45

--------------------------------------------------------
=> ESECUZIONE COMANDO: mpirun -np 16 ./topology_parallel 32 256 10000 0.0001 123
RESULT,classic,32,256,10000,0.0001,123,85.6017,0,17,45
RESULT,scale_free,32,256,10000,0.0001,123,123.556,0.403989,24,45
RESULT,small_world,32,256,10000,0.0001,123,135.768,0.464905,27,45
RESULT,random,32,256,10000,0.0001,123,114.061,0.395436,22,45
RESULT,not_converged,18,45


--------------------------------------------------------
=> ESECUZIONE COMANDO: mpirun -np 28 ./topology_parallel 32 256 10000 0.0001 123
RESULT,classic,32,256,10000,0.0001,123,105.435,0,17,45
RESULT,scale_free,32,256,10000,0.0001,123,148.835,0.491842,24,45
RESULT,small_world,32,256,10000,0.0001,123,161.023,0.555223,27,45
RESULT,random,32,256,10000,0.0001,123,139.249,0.477797,22,45
RESULT,not_converged,18,45


========================================================
>>> RUN PER SEED 456
========================================================
--------------------------------------------------------
=> ESECUZIONE COMANDO: ./topology_serial 32 256 10000 0.0001 456
RESULT,classic,32,256,10000,0.0001,456,81.8897,0,13,45
RESULT,scale_free,32,256,10000,0.0001,456,112.648,0,20,45
RESULT,small_world,32,256,10000,0.0001,456,120.677,0,28,45
RESULT,random,32,256,10000,0.0001,456,107.152,0,23,45
RESULT,not_converged,17,45


--------------------------------------------------------
=> ESECUZIONE COMANDO: mpirun -np 1 ./topology_parallel 32 256 10000 0.0001 456
RESULT,classic,32,256,10000,0.0001,456,92.4468,0,13,45
RESULT,scale_free,32,256,10000,0.0001,456,131.981,0.485069,20,45
RESULT,small_world,32,256,10000,0.0001,456,133.111,0.489347,28,45
RESULT,random,32,256,10000,0.0001,456,111.576,0.391414,23,45
RESULT,not_converged,17,45


--------------------------------------------------------
=> ESECUZIONE COMANDO: mpirun -np 2 ./topology_parallel 32 256 10000 0.0001 456
RESULT,classic,32,256,10000,0.0001,456,78.8519,0,13,45
RESULT,scale_free,32,256,10000,0.0001,456,108.667,0.393025,20,45
RESULT,small_world,32,256,10000,0.0001,456,122.902,0.433092,28,45
RESULT,random,32,256,10000,0.0001,456,99.6673,0.349843,23,45
RESULT,not_converged,17,45

--------------------------------------------------------
=> ESECUZIONE COMANDO: mpirun -np 4 ./topology_parallel 32 256 10000 0.0001 456
RESULT,classic,32,256,10000,0.0001,456,78.9075,0,13,45
RESULT,scale_free,32,256,10000,0.0001,456,108.474,0.378842,20,45
RESULT,small_world,32,256,10000,0.0001,456,118.066,0.420629,28,45
RESULT,random,32,256,10000,0.0001,456,100.755,0.343486,23,45
RESULT,not_converged,17,45

--------------------------------------------------------
=> ESECUZIONE COMANDO: mpirun -np 8 ./topology_parallel 32 256 10000 0.0001 456
RESULT,classic,32,256,10000,0.0001,456,79.4618,0,13,45
RESULT,scale_free,32,256,10000,0.0001,456,111.244,0.383104,20,45
RESULT,small_world,32,256,10000,0.0001,456,121.196,0.424912,28,45
RESULT,random,32,256,10000,0.0001,456,102.29,0.345846,23,45
RESULT,not_converged,17,45


--------------------------------------------------------
=> ESECUZIONE COMANDO: mpirun -np 16 ./topology_parallel 32 256 10000 0.0001 456
RESULT,classic,32,256,10000,0.0001,456,88.7638,0,13,45
RESULT,scale_free,32,256,10000,0.0001,456,122.59,0.42308,20,45
RESULT,small_world,32,256,10000,0.0001,456,136.697,0.47541,28,45
RESULT,random,32,256,10000,0.0001,456,111.958,0.387338,23,45
RESULT,not_converged,17,45

--------------------------------------------------------
=> ESECUZIONE COMANDO: mpirun -np 28 ./topology_parallel 32 256 10000 0.0001 456
RESULT,classic,32,256,10000,0.0001,456,107.662,0,13,45
RESULT,scale_free,32,256,10000,0.0001,456,148.838,0.500605,20,45
RESULT,small_world,32,256,10000,0.0001,456,165.351,0.578472,28,45
RESULT,random,32,256,10000,0.0001,456,135.82,0.447401,23,45
RESULT,not_converged,17,45


========================================================
>>> RUN PER SEED 789
========================================================
--------------------------------------------------------
=> ESECUZIONE COMANDO: ./topology_serial 32 256 10000 0.0001 789
RESULT,classic,32,256,10000,0.0001,789,77.6077,0,15,45
RESULT,scale_free,32,256,10000,0.0001,789,111.066,0,26,45
RESULT,small_world,32,256,10000,0.0001,789,117.783,0,28,45
RESULT,random,32,256,10000,0.0001,789,103.371,0,21,45
RESULT,not_converged,16,45


--------------------------------------------------------
=> ESECUZIONE COMANDO: mpirun -np 1 ./topology_parallel 32 256 10000 0.0001 789
RESULT,classic,32,256,10000,0.0001,789,188.102,0,15,45
RESULT,scale_free,32,256,10000,0.0001,789,261.253,0.673079,26,45
RESULT,small_world,32,256,10000,0.0001,789,308.283,0.783351,28,45
RESULT,random,32,256,10000,0.0001,789,218.1,0.623194,21,45
RESULT,not_converged,16,45


--------------------------------------------------------
=> ESECUZIONE COMANDO: mpirun -np 2 ./topology_parallel 32 256 10000 0.0001 789
RESULT,classic,32,256,10000,0.0001,789,150.575,0,15,45
RESULT,scale_free,32,256,10000,0.0001,789,221.821,0.650699,26,45
RESULT,small_world,32,256,10000,0.0001,789,248.036,0.607727,28,45
RESULT,random,32,256,10000,0.0001,789,170.334,0.443628,21,45
RESULT,not_converged,16,45


--------------------------------------------------------
=> ESECUZIONE COMANDO: mpirun -np 4 ./topology_parallel 32 256 10000 0.0001 789
RESULT,classic,32,256,10000,0.0001,789,77.1902,0,15,45
RESULT,scale_free,32,256,10000,0.0001,789,117.25,0.37552,26,45
RESULT,small_world,32,256,10000,0.0001,789,213.506,0.570287,28,45
RESULT,random,32,256,10000,0.0001,789,101.649,0.354794,21,45
RESULT,not_converged,16,45


--------------------------------------------------------
=> ESECUZIONE COMANDO: mpirun -np 8 ./topology_parallel 32 256 10000 0.0001 789
RESULT,classic,32,256,10000,0.0001,789,131.098,0,15,45
RESULT,scale_free,32,256,10000,0.0001,789,106.273,0.356575,26,45
RESULT,small_world,32,256,10000,0.0001,789,114.24,0.387715,28,45
RESULT,random,32,256,10000,0.0001,789,141.422,0.396933,21,45
RESULT,not_converged,16,45


--------------------------------------------------------
=> ESECUZIONE COMANDO: mpirun -np 16 ./topology_parallel 32 256 10000 0.0001 789
RESULT,classic,32,256,10000,0.0001,789,86.4266,0,15,45
RESULT,scale_free,32,256,10000,0.0001,789,119.434,0.416505,26,45
RESULT,small_world,32,256,10000,0.0001,789,228.178,0.572961,28,45
RESULT,random,32,256,10000,0.0001,789,114.113,0.399844,21,45
RESULT,not_converged,16,45

--------------------------------------------------------
=> ESECUZIONE COMANDO: mpirun -np 28 ./topology_parallel 32 256 10000 0.0001 789
RESULT,classic,32,256,10000,0.0001,789,108.366,0,15,45
RESULT,scale_free,32,256,10000,0.0001,789,148.416,0.512427,26,45
RESULT,small_world,32,256,10000,0.0001,789,160.247,0.544516,28,45
RESULT,random,32,256,10000,0.0001,789,142.232,0.508041,21,45
RESULT,not_converged,16,45
