=> ESECUZIONE COMANDO: ./topology_serial 64 32 10000 0.0001 123
RESULT,classic,64,32,10000,0.0001,123,21.7944,0,3,45
RESULT,scale_free,64,32,10000,0.0001,123,30.0924,0,6,45
RESULT,small_world,64,32,10000,0.0001,123,39.9731,0,10,45
RESULT,random,64,32,10000,0.0001,123,50.1636,0,9,45
RESULT,not_converged,33,45

--------------------------------------------------------
=> ESECUZIONE COMANDO: mpirun -np 1 ./topology_parallel 64 32 10000 0.0001 123
RESULT,classic,64,32,10000,0.0001,123,35.177,0,3,45
RESULT,scale_free,64,32,10000,0.0001,123,48.6941,0.132157,6,45
RESULT,small_world,64,32,10000,0.0001,123,64.0612,0.153764,10,45
RESULT,random,64,32,10000,0.0001,123,79.0315,0.172648,9,45
RESULT,not_converged,33,45


--------------------------------------------------------
=> ESECUZIONE COMANDO: mpirun -np 2 ./topology_parallel 64 64 10000 0.0001 123
RESULT,classic,64,64,10000,0.0001,123,42.9089,0,4,45
RESULT,scale_free,64,64,10000,0.0001,123,60.3376,0.203732,13,45
RESULT,small_world,64,64,10000,0.0001,123,71.6531,0.236947,18,45
RESULT,random,64,64,10000,0.0001,123,61.8028,0.201803,10,45
RESULT,not_converged,27,45


--------------------------------------------------------
=> ESECUZIONE COMANDO: mpirun -np 4 ./topology_parallel 64 128 10000 0.0001 123
RESULT,classic,64,128,10000,0.0001,123,92.0912,0,5,45
RESULT,scale_free,64,128,10000,0.0001,123,127.951,0.414331,12,45
RESULT,small_world,64,128,10000,0.0001,123,148.059,0.4831,19,45
RESULT,random,64,128,10000,0.0001,123,119.177,0.378429,11,45
RESULT,not_converged,25,45


--------------------------------------------------------
=> ESECUZIONE COMANDO: mpirun -np 8 ./topology_parallel 64 256 10000 0.0001 123
RESULT,classic,64,256,10000,0.0001,123,177.864,0,5,45
RESULT,scale_free,64,256,10000,0.0001,123,252.238,0.827248,14,45
RESULT,small_world,64,256,10000,0.0001,123,297.126,0.997583,22,45
RESULT,random,64,256,10000,0.0001,123,233.873,0.783916,9,45
RESULT,not_converged,22,45


--------------------------------------------------------
=> ESECUZIONE COMANDO: mpirun -np 16 ./topology_parallel 64 512 10000 0.0001 123
RESULT,classic,64,512,10000,0.0001,123,391.737,0,5,45
RESULT,scale_free,64,512,10000,0.0001,123,563.416,2.9386,19,45
RESULT,small_world,64,512,10000,0.0001,123,637.068,3.18746,22,45
RESULT,random,64,512,10000,0.0001,123,515.587,3.02343,12,45
RESULT,not_converged,21,45


--------------------------------------------------------
=> ESECUZIONE COMANDO: mpirun -np 28 ./topology_parallel 64 896 10000 0.0001 123
RESULT,classic,64,896,10000,0.0001,123,859.893,0,5,45
RESULT,scale_free,64,896,10000,0.0001,123,1231.3,11.521,20,45
RESULT,small_world,64,896,10000,0.0001,123,1352.11,12.9878,22,45
RESULT,random,64,896,10000,0.0001,123,1125.87,12.0201,11,45
RESULT,not_converged,20,45



========================================================
>>> RUN PER SEED 456
========================================================
--------------------------------------------------------
=> ESECUZIONE COMANDO: ./topology_serial 64 32 10000 0.0001 456
RESULT,classic,64,32,10000,0.0001,456,22.0571,0,3,45
RESULT,scale_free,64,32,10000,0.0001,456,30.3532,0,5,45
RESULT,small_world,64,32,10000,0.0001,456,33.5325,0,8,45
RESULT,random,64,32,10000,0.0001,456,52.3297,0,7,45
RESULT,not_converged,35,45


--------------------------------------------------------
=> ESECUZIONE COMANDO: mpirun -np 1 ./topology_parallel 64 32 10000 0.0001 456
RESULT,classic,64,32,10000,0.0001,456,50.2204,0,3,45
RESULT,scale_free,64,32,10000,0.0001,456,73.1004,0.233943,5,45
RESULT,small_world,64,32,10000,0.0001,456,81.2424,0.204795,8,45
RESULT,random,64,32,10000,0.0001,456,123.994,0.288176,7,45
RESULT,not_converged,35,45


--------------------------------------------------------
=> ESECUZIONE COMANDO: mpirun -np 2 ./topology_parallel 64 64 10000 0.0001 456
RESULT,classic,64,64,10000,0.0001,456,41.5769,0,3,45
RESULT,scale_free,64,64,10000,0.0001,456,61.6814,0.204009,6,45
RESULT,small_world,64,64,10000,0.0001,456,68.6041,0.22894,15,45
RESULT,random,64,64,10000,0.0001,456,88.7671,0.24107,9,45
RESULT,not_converged,29,45


--------------------------------------------------------
=> ESECUZIONE COMANDO: mpirun -np 4 ./topology_parallel 64 128 10000 0.0001 456
RESULT,classic,64,128,10000,0.0001,456,88.2885,0,6,45
RESULT,scale_free,64,128,10000,0.0001,456,126.525,0.423093,9,45
RESULT,small_world,64,128,10000,0.0001,456,150.071,0.488361,21,45
RESULT,random,64,128,10000,0.0001,456,123.209,0.388171,7,45
RESULT,not_converged,24,45
--------------------------------------------------------

=> ESECUZIONE COMANDO: mpirun -np 8 ./topology_parallel 64 256 10000 0.0001 456
RESULT,classic,64,256,10000,0.0001,456,186.533,0,5,45
RESULT,scale_free,64,256,10000,0.0001,456,254.234,0.843554,13,45
RESULT,small_world,64,256,10000,0.0001,456,297.446,0.963488,22,45
RESULT,random,64,256,10000,0.0001,456,240.662,0.789157,14,45
RESULT,not_converged,22,45
--------------------------------------------------------
=> ESECUZIONE COMANDO: mpirun -np 16 ./topology_parallel 64 512 10000 0.0001 456
RESULT,classic,64,512,10000,0.0001,456,389.478,0,7,45
RESULT,scale_free,64,512,10000,0.0001,456,561.513,2.92911,16,45
RESULT,small_world,64,512,10000,0.0001,456,632.973,3.15504,22,45
RESULT,random,64,512,10000,0.0001,456,507.721,3.18817,13,45
RESULT,not_converged,21,45

