========================================================
ESECUZIONE: STRONG SCALING - PROBLEMA TOTALE FISSO - DIM 32, K 32, PPS 8
Avviata il: Thu Apr  2 19:22:30 CEST 2026
========================================================

========================================================
>>> RUN PER SEED 123
========================================================
--------------------------------------------------------
=> ESECUZIONE COMANDO: ./topology_serial 32 256 10000 0.0001 123
RESULT,classic,32,256,10000,0.0001,123,76.15,0,17,45
RESULT,scale_free,32,256,10000,0.0001,123,110.11,0,24,45
RESULT,small_world,32,256,10000,0.0001,123,125.42,0,27,45
RESULT,random,32,256,10000,0.0001,123,101.222,0,22,45
RESULT,not_converged,18,45


--------------------------------------------------------
=> ESECUZIONE COMANDO: mpirun -np 1 ./topology_parallel 32 256 10000 0.0001 123
RESULT,classic,32,256,10000,0.0001,123,171.912,0,17,45
RESULT,scale_free,32,256,10000,0.0001,123,180.438,0.470898,24,45
RESULT,small_world,32,256,10000,0.0001,123,186.544,0.500348,27,45
RESULT,random,32,256,10000,0.0001,123,188.556,0.4992,22,45
RESULT,not_converged,18,45


--------------------------------------------------------
=> ESECUZIONE COMANDO: mpirun -np 2 ./topology_parallel 32 256 10000 0.0001 123
RESULT,classic,32,256,10000,0.0001,123,77.1263,0,17,45
RESULT,scale_free,32,256,10000,0.0001,123,106.762,0.35881,24,45
RESULT,small_world,32,256,10000,0.0001,123,164.37,0.428526,27,45
RESULT,random,32,256,10000,0.0001,123,101.166,0.361318,22,45
RESULT,not_converged,18,45

RESULT,classic,32,256,10000,0.0001,123,188.439,0,17,45
RESULT,scale_free,32,256,10000,0.0001,123,169.775,0.43761,24,45
RESULT,small_world,32,256,10000,0.0001,123,273.939,0.719626,27,45
RESULT,random,32,256,10000,0.0001,123,240.636,0.634497,22,45
RESULT,not_converged,18,45


--------------------------------------------------------
=> ESECUZIONE COMANDO: mpirun -np 4 ./topology_parallel 32 256 10000 0.0001 123
RESULT,classic,32,256,10000,0.0001,123,76.1875,0,17,45
RESULT,scale_free,32,256,10000,0.0001,123,108.688,0.363208,24,45
RESULT,small_world,32,256,10000,0.0001,123,116.08,0.399624,27,45
RESULT,random,32,256,10000,0.0001,123,101.098,0.362577,22,45
RESULT,not_converged,18,45

RESULT,classic,32,256,10000,0.0001,123,77.1681,0,17,45
RESULT,scale_free,32,256,10000,0.0001,123,109.192,0.360549,24,45
RESULT,small_world,32,256,10000,0.0001,123,115.98,0.400714,27,45
RESULT,random,32,256,10000,0.0001,123,100.87,0.348935,22,45
RESULT,not_converged,18,45

RESULT,classic,32,256,10000,0.0001,123,124.321,0,17,45
RESULT,scale_free,32,256,10000,0.0001,123,107.502,0.367396,24,45
RESULT,small_world,32,256,10000,0.0001,123,116.643,0.396685,27,45
RESULT,random,32,256,10000,0.0001,123,160.618,0.440026,22,45
RESULT,not_converged,18,45

RESULT,classic,32,256,10000,0.0001,123,187.809,0,17,45
RESULT,scale_free,32,256,10000,0.0001,123,259.964,0.663365,24,45
RESULT,small_world,32,256,10000,0.0001,123,272.142,0.769926,27,45
RESULT,random,32,256,10000,0.0001,123,241.567,0.725236,22,45
RESULT,not_converged,18,45


--------------------------------------------------------
=> ESECUZIONE COMANDO: mpirun -np 8 ./topology_parallel 32 256 10000 0.0001 123
RESULT,classic,32,256,10000,0.0001,123,76.057,0,17,45
RESULT,scale_free,32,256,10000,0.0001,123,107.19,0.361554,24,45
RESULT,small_world,32,256,10000,0.0001,123,115.668,0.396191,27,45
RESULT,random,32,256,10000,0.0001,123,100.005,0.347714,22,45
RESULT,not_converged,18,45

RESULT,classic,32,256,10000,0.0001,123,76.0791,0,17,45
RESULT,scale_free,32,256,10000,0.0001,123,107.095,0.354127,24,45
RESULT,small_world,32,256,10000,0.0001,123,115.892,0.394639,27,45
RESULT,random,32,256,10000,0.0001,123,100.369,0.343657,22,45
RESULT,not_converged,18,45

RESULT,classic,32,256,10000,0.0001,123,76.5625,0,17,45
RESULT,scale_free,32,256,10000,0.0001,123,106.973,0.353197,24,45
RESULT,small_world,32,256,10000,0.0001,123,119.291,0.417001,27,45
RESULT,random,32,256,10000,0.0001,123,100.208,0.346877,22,45
RESULT,not_converged,18,45

RESULT,classic,32,256,10000,0.0001,123,76.2281,0,17,45
RESULT,scale_free,32,256,10000,0.0001,123,107.945,0.357751,24,45
RESULT,small_world,32,256,10000,0.0001,123,117.253,0.400857,27,45
RESULT,random,32,256,10000,0.0001,123,101.763,0.351146,22,45
RESULT,not_converged,18,45

RESULT,classic,32,256,10000,0.0001,123,76.0878,0,17,45
RESULT,scale_free,32,256,10000,0.0001,123,157.235,0.407926,24,45
RESULT,small_world,32,256,10000,0.0001,123,184.63,0.498115,27,45
RESULT,random,32,256,10000,0.0001,123,100.316,0.344789,22,45
RESULT,not_converged,18,45

RESULT,classic,32,256,10000,0.0001,123,76.1019,0,17,45
RESULT,scale_free,32,256,10000,0.0001,123,157.753,0.424647,24,45
RESULT,small_world,32,256,10000,0.0001,123,188.783,0.513041,27,45
RESULT,random,32,256,10000,0.0001,123,103.455,0.348106,22,45
RESULT,not_converged,18,45

RESULT,classic,32,256,10000,0.0001,123,160.076,0,17,45
RESULT,scale_free,32,256,10000,0.0001,123,181.01,0.469783,24,45
RESULT,small_world,32,256,10000,0.0001,123,184.606,0.503654,27,45
RESULT,random,32,256,10000,0.0001,123,163.648,0.401566,22,45
RESULT,not_converged,18,45

RESULT,classic,32,256,10000,0.0001,123,188.779,0,17,45
RESULT,scale_free,32,256,10000,0.0001,123,260.971,0.651617,24,45
RESULT,small_world,32,256,10000,0.0001,123,279.655,0.783317,27,45
RESULT,random,32,256,10000,0.0001,123,246.007,0.718943,22,45
RESULT,not_converged,18,45


--------------------------------------------------------
=> ESECUZIONE COMANDO: mpirun -np 16 ./topology_parallel 32 256 10000 0.0001 123
RESULT,classic,32,256,10000,0.0001,123,147.243,0,17,45
RESULT,scale_free,32,256,10000,0.0001,123,122.292,0.405721,24,45
RESULT,small_world,32,256,10000,0.0001,123,137.263,0.467763,27,45
RESULT,random,32,256,10000,0.0001,123,175.716,0.462729,22,45
RESULT,not_converged,18,45

RESULT,classic,32,256,10000,0.0001,123,147.4,0,17,45
RESULT,scale_free,32,256,10000,0.0001,123,122.376,0.404165,24,45
RESULT,small_world,32,256,10000,0.0001,123,137.147,0.471383,27,45
RESULT,random,32,256,10000,0.0001,123,175.694,0.470335,22,45
RESULT,not_converged,18,45

RESULT,classic,32,256,10000,0.0001,123,147.347,0,17,45
RESULT,scale_free,32,256,10000,0.0001,123,122.836,0.404859,24,45
RESULT,small_world,32,256,10000,0.0001,123,137.115,0.466573,27,45
RESULT,random,32,256,10000,0.0001,123,175.974,0.476505,22,45
RESULT,not_converged,18,45

RESULT,classic,32,256,10000,0.0001,123,147.232,0,17,45
RESULT,scale_free,32,256,10000,0.0001,123,122.624,0.403095,24,45
RESULT,small_world,32,256,10000,0.0001,123,137.414,0.470151,27,45
RESULT,random,32,256,10000,0.0001,123,175.999,0.470607,22,45
RESULT,not_converged,18,45

RESULT,classic,32,256,10000,0.0001,123,147.797,0,17,45
RESULT,scale_free,32,256,10000,0.0001,123,122.471,0.413048,24,45
RESULT,small_world,32,256,10000,0.0001,123,136.978,0.470659,27,45
RESULT,random,32,256,10000,0.0001,123,176.308,0.462576,22,45
RESULT,not_converged,18,45

RESULT,classic,32,256,10000,0.0001,123,147.768,0,17,45
RESULT,scale_free,32,256,10000,0.0001,123,122.622,0.414062,24,45
RESULT,small_world,32,256,10000,0.0001,123,137.403,0.469024,27,45
RESULT,random,32,256,10000,0.0001,123,176.116,0.46716,22,45
RESULT,not_converged,18,45

RESULT,classic,32,256,10000,0.0001,123,147.245,0,17,45
RESULT,scale_free,32,256,10000,0.0001,123,122.636,0.408223,24,45
RESULT,small_world,32,256,10000,0.0001,123,137.962,0.480031,27,45
RESULT,random,32,256,10000,0.0001,123,176.286,0.469519,22,45
RESULT,not_converged,18,45

RESULT,classic,32,256,10000,0.0001,123,147.672,0,17,45
RESULT,scale_free,32,256,10000,0.0001,123,122.68,0.404617,24,45
RESULT,small_world,32,256,10000,0.0001,123,137.531,0.470061,27,45
RESULT,random,32,256,10000,0.0001,123,176.33,0.469345,22,45
RESULT,not_converged,18,45

RESULT,classic,32,256,10000,0.0001,123,147.318,0,17,45
RESULT,scale_free,32,256,10000,0.0001,123,122.617,0.409731,24,45
RESULT,small_world,32,256,10000,0.0001,123,138.059,0.473563,27,45
RESULT,random,32,256,10000,0.0001,123,176.283,0.466759,22,45
RESULT,not_converged,18,45

RESULT,classic,32,256,10000,0.0001,123,147.22,0,17,45
RESULT,scale_free,32,256,10000,0.0001,123,123.086,0.408903,24,45
RESULT,small_world,32,256,10000,0.0001,123,138.126,0.487515,27,45
RESULT,random,32,256,10000,0.0001,123,176.556,0.479684,22,45
RESULT,not_converged,18,45

RESULT,classic,32,256,10000,0.0001,123,147.582,0,17,45
RESULT,scale_free,32,256,10000,0.0001,123,123.012,0.410343,24,45
RESULT,small_world,32,256,10000,0.0001,123,137.853,0.469082,27,45
RESULT,random,32,256,10000,0.0001,123,176.698,0.478551,22,45
RESULT,not_converged,18,45

RESULT,classic,32,256,10000,0.0001,123,147.738,0,17,45
RESULT,scale_free,32,256,10000,0.0001,123,122.858,0.407683,24,45
RESULT,small_world,32,256,10000,0.0001,123,137.92,0.47767,27,45
RESULT,random,32,256,10000,0.0001,123,176.753,0.472344,22,45
RESULT,not_converged,18,45

RESULT,classic,32,256,10000,0.0001,123,148.045,0,17,45
RESULT,scale_free,32,256,10000,0.0001,123,122.704,0.41087,24,45
RESULT,small_world,32,256,10000,0.0001,123,137.974,0.479403,27,45
RESULT,random,32,256,10000,0.0001,123,176.877,0.46313,22,45
RESULT,not_converged,18,45

RESULT,classic,32,256,10000,0.0001,123,147.684,0,17,45
RESULT,scale_free,32,256,10000,0.0001,123,122.921,0.410948,24,45
RESULT,small_world,32,256,10000,0.0001,123,138.133,0.476341,27,45
RESULT,random,32,256,10000,0.0001,123,177.446,0.464527,22,45
RESULT,not_converged,18,45

RESULT,classic,32,256,10000,0.0001,123,184.491,0,17,45
RESULT,scale_free,32,256,10000,0.0001,123,281.359,0.724318,24,45
RESULT,small_world,32,256,10000,0.0001,123,255.76,0.67098,27,45
RESULT,random,32,256,10000,0.0001,123,259.516,0.765959,22,45
RESULT,not_converged,18,45

RESULT,classic,32,256,10000,0.0001,123,206.814,0,17,45
RESULT,scale_free,32,256,10000,0.0001,123,301.484,0.835767,24,45
RESULT,small_world,32,256,10000,0.0001,123,321.171,0.855354,27,45
RESULT,random,32,256,10000,0.0001,123,253.286,0.664023,22,45
RESULT,not_converged,18,45


--------------------------------------------------------
=> ESECUZIONE COMANDO: mpirun -np 28 ./topology_parallel 32 256 10000 0.0001 123
RESULT,classic,32,256,10000,0.0001,123,105.076,0,17,45
RESULT,scale_free,32,256,10000,0.0001,123,235.273,0.595441,24,45
RESULT,small_world,32,256,10000,0.0001,123,271.157,0.728716,27,45
RESULT,random,32,256,10000,0.0001,123,138.499,0.479336,22,45
RESULT,not_converged,18,45

RESULT,classic,32,256,10000,0.0001,123,105.019,0,17,45
RESULT,scale_free,32,256,10000,0.0001,123,235.249,0.600765,24,45
RESULT,small_world,32,256,10000,0.0001,123,271.164,0.714282,27,45
RESULT,random,32,256,10000,0.0001,123,138.705,0.485109,22,45
RESULT,not_converged,18,45

RESULT,classic,32,256,10000,0.0001,123,105.23,0,17,45
RESULT,scale_free,32,256,10000,0.0001,123,235.153,0.595142,24,45
RESULT,small_world,32,256,10000,0.0001,123,271.022,0.707939,27,45
RESULT,random,32,256,10000,0.0001,123,138.782,0.493071,22,45
RESULT,not_converged,18,45

RESULT,classic,32,256,10000,0.0001,123,105.226,0,17,45
RESULT,scale_free,32,256,10000,0.0001,123,235.328,0.604551,24,45
RESULT,small_world,32,256,10000,0.0001,123,271.282,0.727492,27,45
RESULT,random,32,256,10000,0.0001,123,138.6,0.47864,22,45
RESULT,not_converged,18,45

RESULT,classic,32,256,10000,0.0001,123,105.019,0,17,45
RESULT,scale_free,32,256,10000,0.0001,123,235.44,0.604876,24,45
RESULT,small_world,32,256,10000,0.0001,123,271.537,0.724553,27,45
RESULT,random,32,256,10000,0.0001,123,138.492,0.481122,22,45
RESULT,not_converged,18,45

RESULT,classic,32,256,10000,0.0001,123,105.001,0,17,45
RESULT,scale_free,32,256,10000,0.0001,123,235.394,0.593576,24,45
RESULT,small_world,32,256,10000,0.0001,123,271.613,0.717264,27,45
RESULT,random,32,256,10000,0.0001,123,138.455,0.491139,22,45
RESULT,not_converged,18,45

RESULT,classic,32,256,10000,0.0001,123,105.002,0,17,45
RESULT,scale_free,32,256,10000,0.0001,123,235.236,0.60314,24,45
RESULT,small_world,32,256,10000,0.0001,123,271.683,0.722771,27,45
RESULT,random,32,256,10000,0.0001,123,138.594,0.483601,22,45
RESULT,not_converged,18,45

RESULT,classic,32,256,10000,0.0001,123,105.067,0,17,45
RESULT,scale_free,32,256,10000,0.0001,123,235.299,0.594926,24,45
RESULT,small_world,32,256,10000,0.0001,123,271.588,0.717052,27,45
RESULT,random,32,256,10000,0.0001,123,138.561,0.486497,22,45
RESULT,not_converged,18,45

RESULT,classic,32,256,10000,0.0001,123,105.045,0,17,45
RESULT,scale_free,32,256,10000,0.0001,123,235.692,0.606341,24,45
RESULT,small_world,32,256,10000,0.0001,123,271.296,0.731419,27,45
RESULT,random,32,256,10000,0.0001,123,138.62,0.483366,22,45
RESULT,not_converged,18,45

RESULT,classic,32,256,10000,0.0001,123,104.911,0,17,45
RESULT,scale_free,32,256,10000,0.0001,123,235.333,0.60595,24,45
RESULT,small_world,32,256,10000,0.0001,123,271.679,0.708209,27,45
RESULT,random,32,256,10000,0.0001,123,139.19,0.480073,22,45
RESULT,not_converged,18,45

RESULT,classic,32,256,10000,0.0001,123,104.961,0,17,45
RESULT,scale_free,32,256,10000,0.0001,123,235.899,0.614491,24,45
RESULT,small_world,32,256,10000,0.0001,123,271.795,0.716629,27,45
RESULT,random,32,256,10000,0.0001,123,138.543,0.483164,22,45
RESULT,not_converged,18,45

RESULT,classic,32,256,10000,0.0001,123,105.357,0,17,45
RESULT,scale_free,32,256,10000,0.0001,123,236.466,0.620314,24,45
RESULT,small_world,32,256,10000,0.0001,123,271.142,0.724369,27,45
RESULT,random,32,256,10000,0.0001,123,138.651,0.479678,22,45
RESULT,not_converged,18,45

RESULT,classic,32,256,10000,0.0001,123,104.852,0,17,45
RESULT,scale_free,32,256,10000,0.0001,123,236.02,0.605892,24,45
RESULT,small_world,32,256,10000,0.0001,123,271.803,0.734365,27,45
RESULT,random,32,256,10000,0.0001,123,139.025,0.483658,22,45
RESULT,not_converged,18,45

RESULT,classic,32,256,10000,0.0001,123,105.76,0,17,45
RESULT,scale_free,32,256,10000,0.0001,123,236.129,0.600784,24,45
RESULT,small_world,32,256,10000,0.0001,123,271.211,0.720932,27,45
RESULT,random,32,256,10000,0.0001,123,138.492,0.49489,22,45
RESULT,not_converged,18,45

RESULT,classic,32,256,10000,0.0001,123,104.832,0,17,45
RESULT,scale_free,32,256,10000,0.0001,123,237.309,0.591806,24,45
RESULT,small_world,32,256,10000,0.0001,123,271.176,0.717272,27,45
RESULT,random,32,256,10000,0.0001,123,138.504,0.475946,22,45
RESULT,not_converged,18,45

RESULT,classic,32,256,10000,0.0001,123,105.115,0,17,45
RESULT,scale_free,32,256,10000,0.0001,123,236.197,0.603886,24,45
RESULT,small_world,32,256,10000,0.0001,123,272.124,0.71646,27,45
RESULT,random,32,256,10000,0.0001,123,138.682,0.476153,22,45
RESULT,not_converged,18,45

RESULT,classic,32,256,10000,0.0001,123,104.688,0,17,45
RESULT,scale_free,32,256,10000,0.0001,123,237.423,0.596834,24,45
RESULT,small_world,32,256,10000,0.0001,123,271.456,0.727958,27,45
RESULT,random,32,256,10000,0.0001,123,138.521,0.484548,22,45
RESULT,not_converged,18,45

RESULT,classic,32,256,10000,0.0001,123,106.533,0,17,45
RESULT,scale_free,32,256,10000,0.0001,123,235.643,0.602981,24,45
RESULT,small_world,32,256,10000,0.0001,123,271.525,0.726167,27,45
RESULT,random,32,256,10000,0.0001,123,138.815,0.474639,22,45
RESULT,not_converged,18,45

RESULT,classic,32,256,10000,0.0001,123,104.409,0,17,45
RESULT,scale_free,32,256,10000,0.0001,123,238.507,0.618339,24,45
RESULT,small_world,32,256,10000,0.0001,123,271.19,0.738793,27,45
RESULT,random,32,256,10000,0.0001,123,138.833,0.477872,22,45
RESULT,not_converged,18,45

RESULT,classic,32,256,10000,0.0001,123,104.23,0,17,45
RESULT,scale_free,32,256,10000,0.0001,123,238.588,0.598657,24,45
RESULT,small_world,32,256,10000,0.0001,123,271.743,0.72807,27,45
RESULT,random,32,256,10000,0.0001,123,138.588,0.478,22,45
RESULT,not_converged,18,45

RESULT,classic,32,256,10000,0.0001,123,104.337,0,17,45
RESULT,scale_free,32,256,10000,0.0001,123,236.184,0.613851,24,45
RESULT,small_world,32,256,10000,0.0001,123,273.139,0.72033,27,45
RESULT,random,32,256,10000,0.0001,123,139.756,0.475953,22,45
RESULT,not_converged,18,45

RESULT,classic,32,256,10000,0.0001,123,104.095,0,17,45
RESULT,scale_free,32,256,10000,0.0001,123,238.395,0.601875,24,45
RESULT,small_world,32,256,10000,0.0001,123,272.131,0.718918,27,45
RESULT,random,32,256,10000,0.0001,123,139.121,0.47573,22,45
RESULT,not_converged,18,45

RESULT,classic,32,256,10000,0.0001,123,103.965,0,17,45
RESULT,scale_free,32,256,10000,0.0001,123,238.938,0.599696,24,45
RESULT,small_world,32,256,10000,0.0001,123,272.521,0.714661,27,45
RESULT,random,32,256,10000,0.0001,123,138.737,0.481143,22,45
RESULT,not_converged,18,45

RESULT,classic,32,256,10000,0.0001,123,104.195,0,17,45
RESULT,scale_free,32,256,10000,0.0001,123,236.499,0.607722,24,45
RESULT,small_world,32,256,10000,0.0001,123,273.496,0.723319,27,45
RESULT,random,32,256,10000,0.0001,123,140.161,0.486305,22,45
RESULT,not_converged,18,45

RESULT,classic,32,256,10000,0.0001,123,106.055,0,17,45
RESULT,scale_free,32,256,10000,0.0001,123,238.41,0.608385,24,45
RESULT,small_world,32,256,10000,0.0001,123,271.805,0.715916,27,45
RESULT,random,32,256,10000,0.0001,123,138.611,0.476216,22,45
RESULT,not_converged,18,45

RESULT,classic,32,256,10000,0.0001,123,101.126,0,17,45
RESULT,scale_free,32,256,10000,0.0001,123,248.629,0.616658,24,45
RESULT,small_world,32,256,10000,0.0001,123,271.916,0.714801,27,45
RESULT,random,32,256,10000,0.0001,123,142.45,0.476293,22,45
RESULT,not_converged,18,45

RESULT,classic,32,256,10000,0.0001,123,79.9269,0,17,45
RESULT,scale_free,32,256,10000,0.0001,123,239.184,0.602796,24,45
RESULT,small_world,32,256,10000,0.0001,123,404.981,1.13129,27,45
RESULT,random,32,256,10000,0.0001,123,132.521,0.446274,22,45
RESULT,not_converged,18,45

RESULT,classic,32,256,10000,0.0001,123,147.792,0,17,45
RESULT,scale_free,32,256,10000,0.0001,123,356.105,0.86902,24,45
RESULT,small_world,32,256,10000,0.0001,123,409.824,1.18079,27,45
RESULT,random,32,256,10000,0.0001,123,174.937,0.425026,22,45
RESULT,not_converged,18,45


========================================================
>>> RUN PER SEED 456
========================================================
--------------------------------------------------------
=> ESECUZIONE COMANDO: ./topology_serial 32 256 10000 0.0001 456
RESULT,classic,32,256,10000,0.0001,456,78.7093,0,13,45
RESULT,scale_free,32,256,10000,0.0001,456,110.214,0,20,45
RESULT,small_world,32,256,10000,0.0001,456,119.39,0,28,45
RESULT,random,32,256,10000,0.0001,456,100.126,0,23,45
RESULT,not_converged,17,45


--------------------------------------------------------
=> ESECUZIONE COMANDO: mpirun -np 1 ./topology_parallel 32 256 10000 0.0001 456
RESULT,classic,32,256,10000,0.0001,456,195.163,0,13,45
RESULT,scale_free,32,256,10000,0.0001,456,256.85,0.710888,20,45
RESULT,small_world,32,256,10000,0.0001,456,277.509,0.837505,28,45
RESULT,random,32,256,10000,0.0001,456,240.95,0.681084,23,45
RESULT,not_converged,17,45


--------------------------------------------------------
=> ESECUZIONE COMANDO: mpirun -np 2 ./topology_parallel 32 256 10000 0.0001 456
RESULT,classic,32,256,10000,0.0001,456,156.343,0,13,45
RESULT,scale_free,32,256,10000,0.0001,456,107.859,0.361468,20,45
RESULT,small_world,32,256,10000,0.0001,456,116.518,0.405009,28,45
RESULT,random,32,256,10000,0.0001,456,99.01,0.329553,23,45
RESULT,not_converged,17,45

RESULT,classic,32,256,10000,0.0001,456,194.86,0,13,45
RESULT,scale_free,32,256,10000,0.0001,456,261.574,0.682952,20,45
RESULT,small_world,32,256,10000,0.0001,456,278.229,0.817749,28,45
RESULT,random,32,256,10000,0.0001,456,239.128,0.663541,23,45
RESULT,not_converged,17,45


--------------------------------------------------------
=> ESECUZIONE COMANDO: mpirun -np 4 ./topology_parallel 32 256 10000 0.0001 456
RESULT,classic,32,256,10000,0.0001,456,254.484,0,13,45
RESULT,scale_free,32,256,10000,0.0001,456,259.269,0.684266,20,45
RESULT,small_world,32,256,10000,0.0001,456,313.225,0.855004,28,45
RESULT,random,32,256,10000,0.0001,456,269.223,0.721714,23,45
RESULT,not_converged,17,45

RESULT,classic,32,256,10000,0.0001,456,258.621,0,13,45
RESULT,scale_free,32,256,10000,0.0001,456,259.968,0.695182,20,45
RESULT,small_world,32,256,10000,0.0001,456,316.457,0.897616,28,45
RESULT,random,32,256,10000,0.0001,456,271.912,0.725852,23,45
RESULT,not_converged,17,45

RESULT,classic,32,256,10000,0.0001,456,255.582,0,13,45
RESULT,scale_free,32,256,10000,0.0001,456,262.913,0.682436,20,45
RESULT,small_world,32,256,10000,0.0001,456,314.582,0.839116,28,45
RESULT,random,32,256,10000,0.0001,456,274.79,0.753866,23,45
RESULT,not_converged,17,45

RESULT,classic,32,256,10000,0.0001,456,257.236,0,13,45
RESULT,scale_free,32,256,10000,0.0001,456,255.251,0.676256,20,45
RESULT,small_world,32,256,10000,0.0001,456,320.647,0.812347,28,45
RESULT,random,32,256,10000,0.0001,456,276.123,0.728292,23,45
RESULT,not_converged,17,45


--------------------------------------------------------
=> ESECUZIONE COMANDO: mpirun -np 8 ./topology_parallel 32 256 10000 0.0001 456
RESULT,classic,32,256,10000,0.0001,456,78.3294,0,13,45
RESULT,scale_free,32,256,10000,0.0001,456,106.995,0.36137,20,45
RESULT,small_world,32,256,10000,0.0001,456,116.237,0.391313,28,45
RESULT,random,32,256,10000,0.0001,456,98.7166,0.333523,23,45
RESULT,not_converged,17,45

RESULT,classic,32,256,10000,0.0001,456,78.2829,0,13,45
RESULT,scale_free,32,256,10000,0.0001,456,107.436,0.365697,20,45
RESULT,small_world,32,256,10000,0.0001,456,116.603,0.399633,28,45
RESULT,random,32,256,10000,0.0001,456,99.1496,0.342502,23,45
RESULT,not_converged,17,45

RESULT,classic,32,256,10000,0.0001,456,78.2512,0,13,45
RESULT,scale_free,32,256,10000,0.0001,456,107.523,0.35952,20,45
RESULT,small_world,32,256,10000,0.0001,456,117.245,0.393769,28,45
RESULT,random,32,256,10000,0.0001,456,99.2552,0.32717,23,45
RESULT,not_converged,17,45

RESULT,classic,32,256,10000,0.0001,456,78.2891,0,13,45
RESULT,scale_free,32,256,10000,0.0001,456,110.157,0.36995,20,45
RESULT,small_world,32,256,10000,0.0001,456,116.499,0.394419,28,45
RESULT,random,32,256,10000,0.0001,456,98.7224,0.329115,23,45
RESULT,not_converged,17,45

RESULT,classic,32,256,10000,0.0001,456,78.2371,0,13,45
RESULT,scale_free,32,256,10000,0.0001,456,123.803,0.373809,20,45
RESULT,small_world,32,256,10000,0.0001,456,261.876,0.731639,28,45
RESULT,random,32,256,10000,0.0001,456,98.6363,0.32764,23,45
RESULT,not_converged,17,45

RESULT,classic,32,256,10000,0.0001,456,78.6558,0,13,45
RESULT,scale_free,32,256,10000,0.0001,456,122.911,0.372076,20,45
RESULT,small_world,32,256,10000,0.0001,456,262.839,0.724584,28,45
RESULT,random,32,256,10000,0.0001,456,98.8101,0.329367,23,45
RESULT,not_converged,17,45

RESULT,classic,32,256,10000,0.0001,456,79.0906,0,13,45
RESULT,scale_free,32,256,10000,0.0001,456,149.446,0.403566,20,45
RESULT,small_world,32,256,10000,0.0001,456,278.635,0.758717,28,45
RESULT,random,32,256,10000,0.0001,456,99.1421,0.338776,23,45
RESULT,not_converged,17,45

RESULT,classic,32,256,10000,0.0001,456,213.346,0,13,45
RESULT,scale_free,32,256,10000,0.0001,456,202.351,0.459122,20,45
RESULT,small_world,32,256,10000,0.0001,456,278.059,0.801318,28,45
RESULT,random,32,256,10000,0.0001,456,190.405,0.495735,23,45
RESULT,not_converged,17,45


--------------------------------------------------------
=> ESECUZIONE COMANDO: mpirun -np 16 ./topology_parallel 32 256 10000 0.0001 456
RESULT,classic,32,256,10000,0.0001,456,150.471,0,13,45
RESULT,scale_free,32,256,10000,0.0001,456,202.664,0.515416,20,45
RESULT,small_world,32,256,10000,0.0001,456,217.875,0.524529,28,45
RESULT,random,32,256,10000,0.0001,456,188.051,0.462129,23,45
RESULT,not_converged,17,45

RESULT,classic,32,256,10000,0.0001,456,150.516,0,13,45
RESULT,scale_free,32,256,10000,0.0001,456,202.747,0.504507,20,45
RESULT,small_world,32,256,10000,0.0001,456,217.95,0.527412,28,45
RESULT,random,32,256,10000,0.0001,456,188.097,0.454075,23,45
RESULT,not_converged,17,45

RESULT,classic,32,256,10000,0.0001,456,150.591,0,13,45
RESULT,scale_free,32,256,10000,0.0001,456,202.737,0.502809,20,45
RESULT,small_world,32,256,10000,0.0001,456,217.819,0.525124,28,45
RESULT,random,32,256,10000,0.0001,456,188.172,0.458138,23,45
RESULT,not_converged,17,45

RESULT,classic,32,256,10000,0.0001,456,150.447,0,13,45
RESULT,scale_free,32,256,10000,0.0001,456,202.834,0.513519,20,45
RESULT,small_world,32,256,10000,0.0001,456,218.021,0.527327,28,45
RESULT,random,32,256,10000,0.0001,456,188.164,0.471245,23,45
RESULT,not_converged,17,45

RESULT,classic,32,256,10000,0.0001,456,150.681,0,13,45
RESULT,scale_free,32,256,10000,0.0001,456,202.847,0.498618,20,45
RESULT,small_world,32,256,10000,0.0001,456,217.991,0.534002,28,45
RESULT,random,32,256,10000,0.0001,456,188.074,0.454877,23,45
RESULT,not_converged,17,45

RESULT,classic,32,256,10000,0.0001,456,150.638,0,13,45
RESULT,scale_free,32,256,10000,0.0001,456,202.983,0.538944,20,45
RESULT,small_world,32,256,10000,0.0001,456,218.026,0.547578,28,45
RESULT,random,32,256,10000,0.0001,456,188.197,0.47173,23,45
RESULT,not_converged,17,45

RESULT,classic,32,256,10000,0.0001,456,150.485,0,13,45
RESULT,scale_free,32,256,10000,0.0001,456,203.162,0.514126,20,45
RESULT,small_world,32,256,10000,0.0001,456,218.395,0.525633,28,45
RESULT,random,32,256,10000,0.0001,456,188.527,0.484909,23,45
RESULT,not_converged,17,45

RESULT,classic,32,256,10000,0.0001,456,150.504,0,13,45
RESULT,scale_free,32,256,10000,0.0001,456,203.302,0.520189,20,45
RESULT,small_world,32,256,10000,0.0001,456,218.755,0.53452,28,45
RESULT,random,32,256,10000,0.0001,456,188.033,0.454125,23,45
RESULT,not_converged,17,45

RESULT,classic,32,256,10000,0.0001,456,150.46,0,13,45
RESULT,scale_free,32,256,10000,0.0001,456,203.366,0.526054,20,45
RESULT,small_world,32,256,10000,0.0001,456,218.47,0.549789,28,45
RESULT,random,32,256,10000,0.0001,456,188.451,0.489657,23,45
RESULT,not_converged,17,45

RESULT,classic,32,256,10000,0.0001,456,150.492,0,13,45
RESULT,scale_free,32,256,10000,0.0001,456,203.711,0.51932,20,45
RESULT,small_world,32,256,10000,0.0001,456,219.14,0.541585,28,45
RESULT,random,32,256,10000,0.0001,456,188.791,0.461227,23,45
RESULT,not_converged,17,45

RESULT,classic,32,256,10000,0.0001,456,150.552,0,13,45
RESULT,scale_free,32,256,10000,0.0001,456,203.934,0.533262,20,45
RESULT,small_world,32,256,10000,0.0001,456,218.987,0.522644,28,45
RESULT,random,32,256,10000,0.0001,456,188.912,0.472639,23,45
RESULT,not_converged,17,45

RESULT,classic,32,256,10000,0.0001,456,150.321,0,13,45
RESULT,scale_free,32,256,10000,0.0001,456,204.119,0.524807,20,45
RESULT,small_world,32,256,10000,0.0001,456,219.497,0.526839,28,45
RESULT,random,32,256,10000,0.0001,456,189.187,0.478238,23,45
RESULT,not_converged,17,45

RESULT,classic,32,256,10000,0.0001,456,151.033,0,13,45
RESULT,scale_free,32,256,10000,0.0001,456,204.728,0.51895,20,45
RESULT,small_world,32,256,10000,0.0001,456,220.01,0.530301,28,45
RESULT,random,32,256,10000,0.0001,456,189.666,0.48671,23,45
RESULT,not_converged,17,45

RESULT,classic,32,256,10000,0.0001,456,150.009,0,13,45
RESULT,scale_free,32,256,10000,0.0001,456,206.657,0.511197,20,45
RESULT,small_world,32,256,10000,0.0001,456,222.061,0.521448,28,45
RESULT,random,32,256,10000,0.0001,456,191.521,0.484333,23,45
RESULT,not_converged,17,45

RESULT,classic,32,256,10000,0.0001,456,218.745,0,13,45
RESULT,scale_free,32,256,10000,0.0001,456,202.739,0.511327,20,45
RESULT,small_world,32,256,10000,0.0001,456,218.225,0.537634,28,45
RESULT,random,32,256,10000,0.0001,456,275.27,0.720879,23,45
RESULT,not_converged,17,45

RESULT,classic,32,256,10000,0.0001,456,213.199,0,13,45
RESULT,scale_free,32,256,10000,0.0001,456,308.899,0.750757,20,45
RESULT,small_world,32,256,10000,0.0001,456,333.416,0.961309,28,45
RESULT,random,32,256,10000,0.0001,456,270.159,0.736311,23,45
RESULT,not_converged,17,45


--------------------------------------------------------
=> ESECUZIONE COMANDO: mpirun -np 28 ./topology_parallel 32 256 10000 0.0001 456
RESULT,classic,32,256,10000,0.0001,456,109.751,0,13,45
RESULT,scale_free,32,256,10000,0.0001,456,148.037,0.500705,20,45
RESULT,small_world,32,256,10000,0.0001,456,160.739,0.554112,28,45
RESULT,random,32,256,10000,0.0001,456,137.936,0.473876,23,45
RESULT,not_converged,17,45

RESULT,classic,32,256,10000,0.0001,456,109.668,0,13,45
RESULT,scale_free,32,256,10000,0.0001,456,148.033,0.494989,20,45
RESULT,small_world,32,256,10000,0.0001,456,160.979,0.55164,28,45
RESULT,random,32,256,10000,0.0001,456,137.804,0.462247,23,45
RESULT,not_converged,17,45

RESULT,classic,32,256,10000,0.0001,456,109.687,0,13,45
RESULT,scale_free,32,256,10000,0.0001,456,148.185,0.502036,20,45
RESULT,small_world,32,256,10000,0.0001,456,160.896,0.550912,28,45
RESULT,random,32,256,10000,0.0001,456,137.782,0.464986,23,45
RESULT,not_converged,17,45

RESULT,classic,32,256,10000,0.0001,456,109.846,0,13,45
RESULT,scale_free,32,256,10000,0.0001,456,148.155,0.501938,20,45
RESULT,small_world,32,256,10000,0.0001,456,160.922,0.54551,28,45
RESULT,random,32,256,10000,0.0001,456,137.875,0.463122,23,45
RESULT,not_converged,17,45

RESULT,classic,32,256,10000,0.0001,456,109.85,0,13,45
RESULT,scale_free,32,256,10000,0.0001,456,148.07,0.502786,20,45
RESULT,small_world,32,256,10000,0.0001,456,160.804,0.549455,28,45
RESULT,random,32,256,10000,0.0001,456,138.043,0.464325,23,45
RESULT,not_converged,17,45

RESULT,classic,32,256,10000,0.0001,456,109.715,0,13,45
RESULT,scale_free,32,256,10000,0.0001,456,148.2,0.494894,20,45
RESULT,small_world,32,256,10000,0.0001,456,160.967,0.564834,28,45
RESULT,random,32,256,10000,0.0001,456,137.964,0.464803,23,45
RESULT,not_converged,17,45

RESULT,classic,32,256,10000,0.0001,456,109.637,0,13,45
RESULT,scale_free,32,256,10000,0.0001,456,148.268,0.495832,20,45
RESULT,small_world,32,256,10000,0.0001,456,161.033,0.553819,28,45
RESULT,random,32,256,10000,0.0001,456,137.96,0.464021,23,45
RESULT,not_converged,17,45

RESULT,classic,32,256,10000,0.0001,456,109.67,0,13,45
RESULT,scale_free,32,256,10000,0.0001,456,148.197,0.497277,20,45
RESULT,small_world,32,256,10000,0.0001,456,160.978,0.548904,28,45
RESULT,random,32,256,10000,0.0001,456,138.057,0.458338,23,45
RESULT,not_converged,17,45

RESULT,classic,32,256,10000,0.0001,456,109.751,0,13,45
RESULT,scale_free,32,256,10000,0.0001,456,148.118,0.506031,20,45
RESULT,small_world,32,256,10000,0.0001,456,161.434,0.552953,28,45
RESULT,random,32,256,10000,0.0001,456,137.855,0.464301,23,45
RESULT,not_converged,17,45

RESULT,classic,32,256,10000,0.0001,456,109.739,0,13,45
RESULT,scale_free,32,256,10000,0.0001,456,148.317,0.500023,20,45
RESULT,small_world,32,256,10000,0.0001,456,160.974,0.558875,28,45
RESULT,random,32,256,10000,0.0001,456,137.934,0.457831,23,45
RESULT,not_converged,17,45

RESULT,classic,32,256,10000,0.0001,456,109.792,0,13,45
RESULT,scale_free,32,256,10000,0.0001,456,148.166,0.511576,20,45
RESULT,small_world,32,256,10000,0.0001,456,160.993,0.550033,28,45
RESULT,random,32,256,10000,0.0001,456,138.058,0.459233,23,45
RESULT,not_converged,17,45

RESULT,classic,32,256,10000,0.0001,456,109.837,0,13,45
RESULT,scale_free,32,256,10000,0.0001,456,148.343,0.509228,20,45
RESULT,small_world,32,256,10000,0.0001,456,161.028,0.551635,28,45
RESULT,random,32,256,10000,0.0001,456,137.914,0.463806,23,45
RESULT,not_converged,17,45

RESULT,classic,32,256,10000,0.0001,456,109.724,0,13,45
RESULT,scale_free,32,256,10000,0.0001,456,148.286,0.513895,20,45
RESULT,small_world,32,256,10000,0.0001,456,161.259,0.55833,28,45
RESULT,random,32,256,10000,0.0001,456,137.871,0.458147,23,45
RESULT,not_converged,17,45

RESULT,classic,32,256,10000,0.0001,456,109.553,0,13,45
RESULT,scale_free,32,256,10000,0.0001,456,148.308,0.496083,20,45
RESULT,small_world,32,256,10000,0.0001,456,161.403,0.559065,28,45
RESULT,random,32,256,10000,0.0001,456,137.956,0.46149,23,45
RESULT,not_converged,17,45

RESULT,classic,32,256,10000,0.0001,456,109.661,0,13,45
RESULT,scale_free,32,256,10000,0.0001,456,148.626,0.497039,20,45
RESULT,small_world,32,256,10000,0.0001,456,161.109,0.546852,28,45
RESULT,random,32,256,10000,0.0001,456,137.949,0.468524,23,45
RESULT,not_converged,17,45

RESULT,classic,32,256,10000,0.0001,456,110.167,0,13,45
RESULT,scale_free,32,256,10000,0.0001,456,148.083,0.496119,20,45
RESULT,small_world,32,256,10000,0.0001,456,161.019,0.549084,28,45
RESULT,random,32,256,10000,0.0001,456,138.155,0.47107,23,45
RESULT,not_converged,17,45

RESULT,classic,32,256,10000,0.0001,456,109.527,0,13,45
RESULT,scale_free,32,256,10000,0.0001,456,148.891,0.498958,20,45
RESULT,small_world,32,256,10000,0.0001,456,161.241,0.558687,28,45
RESULT,random,32,256,10000,0.0001,456,137.911,0.459559,23,45
RESULT,not_converged,17,45

RESULT,classic,32,256,10000,0.0001,456,109.641,0,13,45
RESULT,scale_free,32,256,10000,0.0001,456,148.636,0.497631,20,45
RESULT,small_world,32,256,10000,0.0001,456,161.331,0.547966,28,45
RESULT,random,32,256,10000,0.0001,456,137.933,0.478254,23,45
RESULT,not_converged,17,45

RESULT,classic,32,256,10000,0.0001,456,110.754,0,13,45
RESULT,scale_free,32,256,10000,0.0001,456,148.432,0.513032,20,45
RESULT,small_world,32,256,10000,0.0001,456,160.722,0.551121,28,45
RESULT,random,32,256,10000,0.0001,456,137.851,0.472337,23,45
RESULT,not_converged,17,45

RESULT,classic,32,256,10000,0.0001,456,109.484,0,13,45
RESULT,scale_free,32,256,10000,0.0001,456,149.059,0.497903,20,45
RESULT,small_world,32,256,10000,0.0001,456,161.361,0.553428,28,45
RESULT,random,32,256,10000,0.0001,456,137.909,0.472645,23,45
RESULT,not_converged,17,45

RESULT,classic,32,256,10000,0.0001,456,109.36,0,13,45
RESULT,scale_free,32,256,10000,0.0001,456,149.704,0.496032,20,45
RESULT,small_world,32,256,10000,0.0001,456,161.041,0.546476,28,45
RESULT,random,32,256,10000,0.0001,456,138.156,0.463287,23,45
RESULT,not_converged,17,45

RESULT,classic,32,256,10000,0.0001,456,109.22,0,13,45
RESULT,scale_free,32,256,10000,0.0001,456,149.249,0.496836,20,45
RESULT,small_world,32,256,10000,0.0001,456,161.425,0.561132,28,45
RESULT,random,32,256,10000,0.0001,456,138.575,0.482413,23,45
RESULT,not_converged,17,45

RESULT,classic,32,256,10000,0.0001,456,109.263,0,13,45
RESULT,scale_free,32,256,10000,0.0001,456,148.89,0.507015,20,45
RESULT,small_world,32,256,10000,0.0001,456,161.644,0.567769,28,45
RESULT,random,32,256,10000,0.0001,456,138.587,0.461432,23,45
RESULT,not_converged,17,45

RESULT,classic,32,256,10000,0.0001,456,108.246,0,13,45
RESULT,scale_free,32,256,10000,0.0001,456,148.786,0.5087,20,45
RESULT,small_world,32,256,10000,0.0001,456,166.263,0.547755,28,45
RESULT,random,32,256,10000,0.0001,456,138.462,0.457365,23,45
RESULT,not_converged,17,45

RESULT,classic,32,256,10000,0.0001,456,77.8109,0,13,45
RESULT,scale_free,32,256,10000,0.0001,456,235.5,0.593118,20,45
RESULT,small_world,32,256,10000,0.0001,456,224.209,0.603198,28,45
RESULT,random,32,256,10000,0.0001,456,176.384,0.434115,23,45
RESULT,not_converged,17,45

RESULT,classic,32,256,10000,0.0001,456,77.8184,0,13,45
RESULT,scale_free,32,256,10000,0.0001,456,235.808,0.606669,20,45
RESULT,small_world,32,256,10000,0.0001,456,224.076,0.613578,28,45
RESULT,random,32,256,10000,0.0001,456,176.839,0.442974,23,45
RESULT,not_converged,17,45

RESULT,classic,32,256,10000,0.0001,456,94.6641,0,13,45
RESULT,scale_free,32,256,10000,0.0001,456,286.54,0.770558,20,45
RESULT,small_world,32,256,10000,0.0001,456,348.92,0.932216,28,45
RESULT,random,32,256,10000,0.0001,456,144.324,0.392624,23,45
RESULT,not_converged,17,45

RESULT,classic,32,256,10000,0.0001,456,193.464,0,13,45
RESULT,scale_free,32,256,10000,0.0001,456,304.536,0.817248,20,45
RESULT,small_world,32,256,10000,0.0001,456,383.376,1.03192,28,45
RESULT,random,32,256,10000,0.0001,456,241.267,0.674765,23,45
RESULT,not_converged,17,45


========================================================
>>> RUN PER SEED 789
========================================================
--------------------------------------------------------
=> ESECUZIONE COMANDO: ./topology_serial 32 256 10000 0.0001 789
RESULT,classic,32,256,10000,0.0001,789,81.0802,0,15,45
RESULT,scale_free,32,256,10000,0.0001,789,116.025,0,26,45
RESULT,small_world,32,256,10000,0.0001,789,119.402,0,28,45
RESULT,random,32,256,10000,0.0001,789,108.643,0,21,45
RESULT,not_converged,16,45


--------------------------------------------------------
=> ESECUZIONE COMANDO: mpirun -np 1 ./topology_parallel 32 256 10000 0.0001 789
