========================================================
ESECUZIONE: STRONG SCALING - PROBLEMA TOTALE FISSO - DIM 64, K 32, PPS 8
Avviata il: Thu Apr  2 19:22:30 CEST 2026
========================================================

========================================================
>>> RUN PER SEED 123
========================================================
--------------------------------------------------------
=> ESECUZIONE COMANDO: ./topology_serial 64 256 10000 0.0001 123
RESULT,classic,64,256,10000,0.0001,123,202.319,0,5,45
RESULT,scale_free,64,256,10000,0.0001,123,253.631,0,14,45
RESULT,small_world,64,256,10000,0.0001,123,356.328,0,22,45
RESULT,random,64,256,10000,0.0001,123,241.777,0,9,45
RESULT,not_converged,22,45


--------------------------------------------------------
=> ESECUZIONE COMANDO: mpirun -np 1 ./topology_parallel 64 256 10000 0.0001 123
RESULT,classic,64,256,10000,0.0001,123,435.901,0,5,45
RESULT,scale_free,64,256,10000,0.0001,123,603.744,2.03473,14,45
RESULT,small_world,64,256,10000,0.0001,123,623.751,1.78263,22,45
RESULT,random,64,256,10000,0.0001,123,562.136,2.00828,9,45
RESULT,not_converged,22,45


--------------------------------------------------------
=> ESECUZIONE COMANDO: mpirun -np 2 ./topology_parallel 64 256 10000 0.0001 123
RESULT,classic,64,256,10000,0.0001,123,541.901,0,5,45
RESULT,scale_free,64,256,10000,0.0001,123,501.054,1.63398,14,45
RESULT,small_world,64,256,10000,0.0001,123,516.331,1.63029,22,45
RESULT,random,64,256,10000,0.0001,123,603.183,2.04248,9,45
RESULT,not_converged,22,45

RESULT,classic,64,256,10000,0.0001,123,529.417,0,5,45
RESULT,scale_free,64,256,10000,0.0001,123,690.533,2.29136,14,45
RESULT,small_world,64,256,10000,0.0001,123,708.99,2.2768,22,45
RESULT,random,64,256,10000,0.0001,123,679.583,2.32218,9,45
RESULT,not_converged,22,45


--------------------------------------------------------
=> ESECUZIONE COMANDO: mpirun -np 4 ./topology_parallel 64 256 10000 0.0001 123
RESULT,classic,64,256,10000,0.0001,123,177.969,0,5,45
RESULT,scale_free,64,256,10000,0.0001,123,252.123,0.835529,14,45
RESULT,small_world,64,256,10000,0.0001,123,297.876,0.979204,22,45
RESULT,random,64,256,10000,0.0001,123,235.237,0.797152,9,45
RESULT,not_converged,22,45

RESULT,classic,64,256,10000,0.0001,123,177.998,0,5,45
RESULT,scale_free,64,256,10000,0.0001,123,253.306,0.82977,14,45
RESULT,small_world,64,256,10000,0.0001,123,299.182,0.977917,22,45
RESULT,random,64,256,10000,0.0001,123,236.764,0.7768,9,45
RESULT,not_converged,22,45

RESULT,classic,64,256,10000,0.0001,123,249.812,0,5,45
RESULT,scale_free,64,256,10000,0.0001,123,252.016,0.805219,14,45
RESULT,small_world,64,256,10000,0.0001,123,300.262,0.965622,22,45
RESULT,random,64,256,10000,0.0001,123,332.237,1.22322,9,45
RESULT,not_converged,22,45

RESULT,classic,64,256,10000,0.0001,123,438.055,0,5,45
RESULT,scale_free,64,256,10000,0.0001,123,523.614,1.89203,14,45
RESULT,small_world,64,256,10000,0.0001,123,493.532,1.65572,22,45
RESULT,random,64,256,10000,0.0001,123,553.774,1.91179,9,45
RESULT,not_converged,22,45


--------------------------------------------------------
=> ESECUZIONE COMANDO: mpirun -np 8 ./topology_parallel 64 256 10000 0.0001 123
RESULT,classic,64,256,10000,0.0001,123,178.296,0,5,45
RESULT,scale_free,64,256,10000,0.0001,123,322.828,1.01083,14,45
RESULT,small_world,64,256,10000,0.0001,123,422.498,1.2809,22,45
RESULT,random,64,256,10000,0.0001,123,367.764,1.19227,9,45
RESULT,not_converged,22,45

RESULT,classic,64,256,10000,0.0001,123,178.159,0,5,45
RESULT,scale_free,64,256,10000,0.0001,123,323.196,0.990603,14,45
RESULT,small_world,64,256,10000,0.0001,123,421.818,1.43989,22,45
RESULT,random,64,256,10000,0.0001,123,368.305,1.2466,9,45
RESULT,not_converged,22,45

RESULT,classic,64,256,10000,0.0001,123,179.255,0,5,45
RESULT,scale_free,64,256,10000,0.0001,123,323.333,1.01691,14,45
RESULT,small_world,64,256,10000,0.0001,123,422.488,1.30818,22,45
RESULT,random,64,256,10000,0.0001,123,367.811,1.21199,9,45
RESULT,not_converged,22,45

RESULT,classic,64,256,10000,0.0001,123,178.327,0,5,45
RESULT,scale_free,64,256,10000,0.0001,123,324.847,1.04682,14,45
RESULT,small_world,64,256,10000,0.0001,123,422.604,1.30633,22,45
RESULT,random,64,256,10000,0.0001,123,367.3,1.22144,9,45
RESULT,not_converged,22,45

RESULT,classic,64,256,10000,0.0001,123,495.144,0,5,45
RESULT,scale_free,64,256,10000,0.0001,123,403.091,1.27545,14,45
RESULT,small_world,64,256,10000,0.0001,123,422.005,1.27422,22,45
RESULT,random,64,256,10000,0.0001,123,601.25,2.0985,9,45
RESULT,not_converged,22,45

RESULT,classic,64,256,10000,0.0001,123,495.043,0,5,45
RESULT,scale_free,64,256,10000,0.0001,123,404.284,1.23853,14,45
RESULT,small_world,64,256,10000,0.0001,123,421.914,1.31232,22,45
RESULT,random,64,256,10000,0.0001,123,604.696,2.09646,9,45
RESULT,not_converged,22,45

RESULT,classic,64,256,10000,0.0001,123,452.108,0,5,45
RESULT,scale_free,64,256,10000,0.0001,123,484.271,1.65733,14,45
RESULT,small_world,64,256,10000,0.0001,123,468.38,1.50419,22,45
RESULT,random,64,256,10000,0.0001,123,642.944,2.08654,9,45
RESULT,not_converged,22,45

RESULT,classic,64,256,10000,0.0001,123,321.456,0,5,45
RESULT,scale_free,64,256,10000,0.0001,123,633.934,1.9535,14,45
RESULT,small_world,64,256,10000,0.0001,123,722.131,2.41848,22,45
RESULT,random,64,256,10000,0.0001,123,640.574,2.05381,9,45
RESULT,not_converged,22,45


--------------------------------------------------------
=> ESECUZIONE COMANDO: mpirun -np 16 ./topology_parallel 64 256 10000 0.0001 123
RESULT,classic,64,256,10000,0.0001,123,202.853,0,5,45
RESULT,scale_free,64,256,10000,0.0001,123,469.862,1.28282,14,45
RESULT,small_world,64,256,10000,0.0001,123,385.308,1.17518,22,45
RESULT,random,64,256,10000,0.0001,123,325.577,0.963348,9,45
RESULT,not_converged,22,45

RESULT,classic,64,256,10000,0.0001,123,203.07,0,5,45
RESULT,scale_free,64,256,10000,0.0001,123,469.296,1.21153,14,45
RESULT,small_world,64,256,10000,0.0001,123,385.673,1.20845,22,45
RESULT,random,64,256,10000,0.0001,123,325.648,0.913246,9,45
RESULT,not_converged,22,45

RESULT,classic,64,256,10000,0.0001,123,202.898,0,5,45
RESULT,scale_free,64,256,10000,0.0001,123,469.33,1.24105,14,45
RESULT,small_world,64,256,10000,0.0001,123,385.377,1.19289,22,45
RESULT,random,64,256,10000,0.0001,123,326.318,0.946872,9,45
RESULT,not_converged,22,45

RESULT,classic,64,256,10000,0.0001,123,203.012,0,5,45
RESULT,scale_free,64,256,10000,0.0001,123,469.447,1.17969,14,45
RESULT,small_world,64,256,10000,0.0001,123,386.336,1.18585,22,45
RESULT,random,64,256,10000,0.0001,123,325.507,0.953414,9,45
RESULT,not_converged,22,45

RESULT,classic,64,256,10000,0.0001,123,202.609,0,5,45
RESULT,scale_free,64,256,10000,0.0001,123,470.016,1.23311,14,45
RESULT,small_world,64,256,10000,0.0001,123,385.068,1.18249,22,45
RESULT,random,64,256,10000,0.0001,123,327.126,0.95421,9,45
RESULT,not_converged,22,45

RESULT,classic,64,256,10000,0.0001,123,202.976,0,5,45
RESULT,scale_free,64,256,10000,0.0001,123,469.98,1.25041,14,45
RESULT,small_world,64,256,10000,0.0001,123,385.538,1.18486,22,45
RESULT,random,64,256,10000,0.0001,123,326.377,0.954716,9,45
RESULT,not_converged,22,45

RESULT,classic,64,256,10000,0.0001,123,203.418,0,5,45
RESULT,scale_free,64,256,10000,0.0001,123,470.272,1.26351,14,45
RESULT,small_world,64,256,10000,0.0001,123,385.269,1.25537,22,45
RESULT,random,64,256,10000,0.0001,123,326.225,0.942841,9,45
RESULT,not_converged,22,45

RESULT,classic,64,256,10000,0.0001,123,202.733,0,5,45
RESULT,scale_free,64,256,10000,0.0001,123,469.502,1.21205,14,45
RESULT,small_world,64,256,10000,0.0001,123,388.212,1.21361,22,45
RESULT,random,64,256,10000,0.0001,123,324.835,0.920051,9,45
RESULT,not_converged,22,45

RESULT,classic,64,256,10000,0.0001,123,202.827,0,5,45
RESULT,scale_free,64,256,10000,0.0001,123,469.732,1.31078,14,45
RESULT,small_world,64,256,10000,0.0001,123,386.457,1.27928,22,45
RESULT,random,64,256,10000,0.0001,123,326.657,0.993444,9,45
RESULT,not_converged,22,45

RESULT,classic,64,256,10000,0.0001,123,202.584,0,5,45
RESULT,scale_free,64,256,10000,0.0001,123,470.282,1.29131,14,45
RESULT,small_world,64,256,10000,0.0001,123,386.552,1.19771,22,45
RESULT,random,64,256,10000,0.0001,123,326.767,0.944538,9,45
RESULT,not_converged,22,45

RESULT,classic,64,256,10000,0.0001,123,202.461,0,5,45
RESULT,scale_free,64,256,10000,0.0001,123,470.632,1.30874,14,45
RESULT,small_world,64,256,10000,0.0001,123,384.923,1.23663,22,45
RESULT,random,64,256,10000,0.0001,123,328.386,0.948355,9,45
RESULT,not_converged,22,45

RESULT,classic,64,256,10000,0.0001,123,203.769,0,5,45
RESULT,scale_free,64,256,10000,0.0001,123,470.674,1.29967,14,45
RESULT,small_world,64,256,10000,0.0001,123,385.045,1.2206,22,45
RESULT,random,64,256,10000,0.0001,123,327.162,0.97699,9,45
RESULT,not_converged,22,45

RESULT,classic,64,256,10000,0.0001,123,202.304,0,5,45
RESULT,scale_free,64,256,10000,0.0001,123,470.681,1.29852,14,45
RESULT,small_world,64,256,10000,0.0001,123,393.772,1.25916,22,45
RESULT,random,64,256,10000,0.0001,123,322.171,0.927718,9,45
RESULT,not_converged,22,45

RESULT,classic,64,256,10000,0.0001,123,217.219,0,5,45
RESULT,scale_free,64,256,10000,0.0001,123,469.255,1.30298,14,45
RESULT,small_world,64,256,10000,0.0001,123,389.083,1.23022,22,45
RESULT,random,64,256,10000,0.0001,123,329.111,0.957464,9,45
RESULT,not_converged,22,45

RESULT,classic,64,256,10000,0.0001,123,562.038,0,5,45
RESULT,scale_free,64,256,10000,0.0001,123,547.226,1.58012,14,45
RESULT,small_world,64,256,10000,0.0001,123,385.094,1.22136,22,45
RESULT,random,64,256,10000,0.0001,123,487.905,1.47065,9,45
RESULT,not_converged,22,45

RESULT,classic,64,256,10000,0.0001,123,390.372,0,5,45
RESULT,scale_free,64,256,10000,0.0001,123,712.901,2.22027,14,45
RESULT,small_world,64,256,10000,0.0001,123,827.664,2.7182,22,45
RESULT,random,64,256,10000,0.0001,123,669.521,2.14407,9,45
RESULT,not_converged,22,45


--------------------------------------------------------
=> ESECUZIONE COMANDO: mpirun -np 28 ./topology_parallel 64 256 10000 0.0001 123
RESULT,classic,64,256,10000,0.0001,123,422.351,0,5,45
RESULT,scale_free,64,256,10000,0.0001,123,365.555,1.16292,14,45
RESULT,small_world,64,256,10000,0.0001,123,416.744,1.36162,22,45
RESULT,random,64,256,10000,0.0001,123,346.291,1.12211,9,45
RESULT,not_converged,22,45

RESULT,classic,64,256,10000,0.0001,123,422.153,0,5,45
RESULT,scale_free,64,256,10000,0.0001,123,365.853,1.16564,14,45
RESULT,small_world,64,256,10000,0.0001,123,417.218,1.40419,22,45
RESULT,random,64,256,10000,0.0001,123,347.214,1.13994,9,45
RESULT,not_converged,22,45

RESULT,classic,64,256,10000,0.0001,123,421.702,0,5,45
RESULT,scale_free,64,256,10000,0.0001,123,365.715,1.17245,14,45
RESULT,small_world,64,256,10000,0.0001,123,417.139,1.3768,22,45
RESULT,random,64,256,10000,0.0001,123,347.862,1.16122,9,45
RESULT,not_converged,22,45

RESULT,classic,64,256,10000,0.0001,123,422.667,0,5,45
RESULT,scale_free,64,256,10000,0.0001,123,365.779,1.16281,14,45
RESULT,small_world,64,256,10000,0.0001,123,417.02,1.36249,22,45
RESULT,random,64,256,10000,0.0001,123,348.075,1.1679,9,45
RESULT,not_converged,22,45

RESULT,classic,64,256,10000,0.0001,123,422.381,0,5,45
RESULT,scale_free,64,256,10000,0.0001,123,365.98,1.1783,14,45
RESULT,small_world,64,256,10000,0.0001,123,417.522,1.41529,22,45
RESULT,random,64,256,10000,0.0001,123,348.166,1.12668,9,45
RESULT,not_converged,22,45

RESULT,classic,64,256,10000,0.0001,123,423.667,0,5,45
RESULT,scale_free,64,256,10000,0.0001,123,365.769,1.16819,14,45
RESULT,small_world,64,256,10000,0.0001,123,420.382,1.3976,22,45
RESULT,random,64,256,10000,0.0001,123,349.388,1.14264,9,45
RESULT,not_converged,22,45

RESULT,classic,64,256,10000,0.0001,123,429.487,0,5,45
RESULT,scale_free,64,256,10000,0.0001,123,365.673,1.19301,14,45
RESULT,small_world,64,256,10000,0.0001,123,417.8,1.41998,22,45
RESULT,random,64,256,10000,0.0001,123,347.303,1.13528,9,45
RESULT,not_converged,22,45

RESULT,classic,64,256,10000,0.0001,123,423.913,0,5,45
RESULT,scale_free,64,256,10000,0.0001,123,366.132,1.20815,14,45
RESULT,small_world,64,256,10000,0.0001,123,420.989,1.4532,22,45
RESULT,random,64,256,10000,0.0001,123,351.124,1.19203,9,45
RESULT,not_converged,22,45

RESULT,classic,64,256,10000,0.0001,123,423.813,0,5,45
RESULT,scale_free,64,256,10000,0.0001,123,365.606,1.16945,14,45
RESULT,small_world,64,256,10000,0.0001,123,429.436,1.39999,22,45
RESULT,random,64,256,10000,0.0001,123,354.9,1.15684,9,45
RESULT,not_converged,22,45

RESULT,classic,64,256,10000,0.0001,123,420.854,0,5,45
RESULT,scale_free,64,256,10000,0.0001,123,365.569,1.15579,14,45
RESULT,small_world,64,256,10000,0.0001,123,437.68,1.41243,22,45
RESULT,random,64,256,10000,0.0001,123,360.14,1.18618,9,45
RESULT,not_converged,22,45

RESULT,classic,64,256,10000,0.0001,123,420.572,0,5,45
RESULT,scale_free,64,256,10000,0.0001,123,365.925,1.21799,14,45
RESULT,small_world,64,256,10000,0.0001,123,437.48,1.42046,22,45
RESULT,random,64,256,10000,0.0001,123,360.425,1.20889,9,45
RESULT,not_converged,22,45

RESULT,classic,64,256,10000,0.0001,123,420.363,0,5,45
RESULT,scale_free,64,256,10000,0.0001,123,365.984,1.17122,14,45
RESULT,small_world,64,256,10000,0.0001,123,438.81,1.49077,22,45
RESULT,random,64,256,10000,0.0001,123,363.068,1.18608,9,45
RESULT,not_converged,22,45

