
--------------------------------------------------------
=> ESECUZIONE COMANDO: mpirun -np 1 ./topology_parallel 64 256 10000 0.0001 123
RESULT,classic,64,256,10000,0.0001,123,371.578,0,5,45
RESULT,scale_free,64,256,10000,0.0001,123,550.347,1.24135,14,45
RESULT,small_world,64,256,10000,0.0001,123,661.208,1.42923,22,45
RESULT,random,64,256,10000,0.0001,123,520.966,1.35359,9,45
RESULT,not_converged,22,45


--------------------------------------------------------
=> ESECUZIONE COMANDO: mpirun -np 2 ./topology_parallel 64 256 10000 0.0001 123
RESULT,classic,64,256,10000,0.0001,123,296.519,0,5,45
RESULT,scale_free,64,256,10000,0.0001,123,407.487,0.873109,14,45
RESULT,small_world,64,256,10000,0.0001,123,431.782,1.03082,22,45
RESULT,random,64,256,10000,0.0001,123,386.856,0.855245,9,45
RESULT,not_converged,22,45

RESULT,classic,64,256,10000,0.0001,123,294.424,0,5,45
RESULT,scale_free,64,256,10000,0.0001,123,404.914,0.847945,14,45
RESULT,small_world,64,256,10000,0.0001,123,461.058,1.04067,22,45
RESULT,random,64,256,10000,0.0001,123,384.126,0.847747,9,45
RESULT,not_converged,22,45


--------------------------------------------------------
=> ESECUZIONE COMANDO: mpirun -np 4 ./topology_parallel 64 256 10000 0.0001 123
RESULT,classic,64,256,10000,0.0001,123,178.075,0,5,45
RESULT,scale_free,64,256,10000,0.0001,123,245.984,0.774164,14,45
RESULT,small_world,64,256,10000,0.0001,123,290.222,0.95385,22,45
RESULT,random,64,256,10000,0.0001,123,234.179,0.788708,9,45
RESULT,not_converged,22,45

RESULT,classic,64,256,10000,0.0001,123,177.875,0,5,45
RESULT,scale_free,64,256,10000,0.0001,123,247.436,0.77828,14,45
RESULT,small_world,64,256,10000,0.0001,123,291.579,0.952173,22,45
RESULT,random,64,256,10000,0.0001,123,233.606,0.787905,9,45
RESULT,not_converged,22,45

RESULT,classic,64,256,10000,0.0001,123,177.082,0,5,45
RESULT,scale_free,64,256,10000,0.0001,123,287.713,0.801748,14,45
RESULT,small_world,64,256,10000,0.0001,123,445.264,1.01332,22,45
RESULT,random,64,256,10000,0.0001,123,234.917,0.770497,9,45
RESULT,not_converged,22,45

RESULT,classic,64,256,10000,0.0001,123,180.262,0,5,45
RESULT,scale_free,64,256,10000,0.0001,123,288.792,0.802595,14,45
RESULT,small_world,64,256,10000,0.0001,123,447.357,1.01499,22,45
RESULT,random,64,256,10000,0.0001,123,234.986,0.774308,9,45
RESULT,not_converged,22,45


--------------------------------------------------------
=> ESECUZIONE COMANDO: mpirun -np 8 ./topology_parallel 64 256 10000 0.0001 123
RESULT,classic,64,256,10000,0.0001,123,204.334,0,5,45
RESULT,scale_free,64,256,10000,0.0001,123,257.4,0.841365,14,45
RESULT,small_world,64,256,10000,0.0001,123,301.57,0.993356,22,45
RESULT,random,64,256,10000,0.0001,123,263.713,0.903405,9,45
RESULT,not_converged,22,45

RESULT,classic,64,256,10000,0.0001,123,204.24,0,5,45
RESULT,scale_free,64,256,10000,0.0001,123,257.831,0.839807,14,45
RESULT,small_world,64,256,10000,0.0001,123,301.506,0.980477,22,45
RESULT,random,64,256,10000,0.0001,123,263.723,0.887292,9,45
RESULT,not_converged,22,45

RESULT,classic,64,256,10000,0.0001,123,204.08,0,5,45
RESULT,scale_free,64,256,10000,0.0001,123,258.023,0.837837,14,45
RESULT,small_world,64,256,10000,0.0001,123,301.603,0.989482,22,45
RESULT,random,64,256,10000,0.0001,123,263.817,0.865077,9,45
RESULT,not_converged,22,45

RESULT,classic,64,256,10000,0.0001,123,206.672,0,5,45
RESULT,scale_free,64,256,10000,0.0001,123,258.964,0.853445,14,45
RESULT,small_world,64,256,10000,0.0001,123,301.632,0.991754,22,45
RESULT,random,64,256,10000,0.0001,123,264.921,0.900786,9,45
RESULT,not_converged,22,45

RESULT,classic,64,256,10000,0.0001,123,201.049,0,5,45
RESULT,scale_free,64,256,10000,0.0001,123,266.097,0.820074,14,45
RESULT,small_world,64,256,10000,0.0001,123,309.634,0.987938,22,45
RESULT,random,64,256,10000,0.0001,123,271.312,0.888236,9,45
RESULT,not_converged,22,45

RESULT,classic,64,256,10000,0.0001,123,253.147,0,5,45
RESULT,scale_free,64,256,10000,0.0001,123,257.329,0.850169,14,45
RESULT,small_world,64,256,10000,0.0001,123,300.832,1.00593,22,45
RESULT,random,64,256,10000,0.0001,123,277.269,0.886261,9,45
RESULT,not_converged,22,45

RESULT,classic,64,256,10000,0.0001,123,250.611,0,5,45
RESULT,scale_free,64,256,10000,0.0001,123,258.396,0.845529,14,45
RESULT,small_world,64,256,10000,0.0001,123,301.69,1.00183,22,45
RESULT,random,64,256,10000,0.0001,123,279.064,0.895099,9,45
RESULT,not_converged,22,45

RESULT,classic,64,256,10000,0.0001,123,246.742,0,5,45
RESULT,scale_free,64,256,10000,0.0001,123,259.541,0.831146,14,45
RESULT,small_world,64,256,10000,0.0001,123,303.096,0.986504,22,45
RESULT,random,64,256,10000,0.0001,123,282.846,0.891777,9,45
RESULT,not_converged,22,45


--------------------------------------------------------
=> ESECUZIONE COMANDO: mpirun -np 16 ./topology_parallel 64 256 10000 0.0001 123
RESULT,classic,64,256,10000,0.0001,123,201.7,0,5,45
RESULT,scale_free,64,256,10000,0.0001,123,283.517,0.899775,14,45
RESULT,small_world,64,256,10000,0.0001,123,338.67,1.11304,22,45
RESULT,random,64,256,10000,0.0001,123,267.051,0.896883,9,45
RESULT,not_converged,22,45

RESULT,classic,64,256,10000,0.0001,123,201.444,0,5,45
RESULT,scale_free,64,256,10000,0.0001,123,283.447,0.912163,14,45
RESULT,small_world,64,256,10000,0.0001,123,338.873,1.11573,22,45
RESULT,random,64,256,10000,0.0001,123,267.467,0.881711,9,45
RESULT,not_converged,22,45

RESULT,classic,64,256,10000,0.0001,123,201.469,0,5,45
RESULT,scale_free,64,256,10000,0.0001,123,283.659,0.894273,14,45
RESULT,small_world,64,256,10000,0.0001,123,338.7,1.09182,22,45
RESULT,random,64,256,10000,0.0001,123,267.465,0.884755,9,45
RESULT,not_converged,22,45

RESULT,classic,64,256,10000,0.0001,123,201.578,0,5,45
RESULT,scale_free,64,256,10000,0.0001,123,283.584,0.920007,14,45
RESULT,small_world,64,256,10000,0.0001,123,338.827,1.12274,22,45
RESULT,random,64,256,10000,0.0001,123,267.327,0.891673,9,45
RESULT,not_converged,22,45

RESULT,classic,64,256,10000,0.0001,123,201.622,0,5,45
RESULT,scale_free,64,256,10000,0.0001,123,283.537,0.895003,14,45
RESULT,small_world,64,256,10000,0.0001,123,339.348,1.10094,22,45
RESULT,random,64,256,10000,0.0001,123,266.822,0.897947,9,45
RESULT,not_converged,22,45

RESULT,classic,64,256,10000,0.0001,123,201.562,0,5,45
RESULT,scale_free,64,256,10000,0.0001,123,283.834,0.913435,14,45
RESULT,small_world,64,256,10000,0.0001,123,338.758,1.09893,22,45
RESULT,random,64,256,10000,0.0001,123,267.205,0.892664,9,45
RESULT,not_converged,22,45

RESULT,classic,64,256,10000,0.0001,123,201.776,0,5,45
RESULT,scale_free,64,256,10000,0.0001,123,283.204,0.901126,14,45
RESULT,small_world,64,256,10000,0.0001,123,339.032,1.12208,22,45
RESULT,random,64,256,10000,0.0001,123,267.434,0.905344,9,45
RESULT,not_converged,22,45

RESULT,classic,64,256,10000,0.0001,123,201.334,0,5,45
RESULT,scale_free,64,256,10000,0.0001,123,283.553,0.919961,14,45
RESULT,small_world,64,256,10000,0.0001,123,338.975,1.10031,22,45
RESULT,random,64,256,10000,0.0001,123,267.629,0.927371,9,45
RESULT,not_converged,22,45

RESULT,classic,64,256,10000,0.0001,123,201.34,0,5,45
RESULT,scale_free,64,256,10000,0.0001,123,284.026,0.915065,14,45
RESULT,small_world,64,256,10000,0.0001,123,339.436,1.11614,22,45
RESULT,random,64,256,10000,0.0001,123,267.448,0.884916,9,45
RESULT,not_converged,22,45

RESULT,classic,64,256,10000,0.0001,123,201.344,0,5,45
RESULT,scale_free,64,256,10000,0.0001,123,284.198,0.916176,14,45
RESULT,small_world,64,256,10000,0.0001,123,339.572,1.11496,22,45
RESULT,random,64,256,10000,0.0001,123,267.485,0.893053,9,45
RESULT,not_converged,22,45

RESULT,classic,64,256,10000,0.0001,123,201.103,0,5,45
RESULT,scale_free,64,256,10000,0.0001,123,284.003,0.907231,14,45
RESULT,small_world,64,256,10000,0.0001,123,339.543,1.09508,22,45
RESULT,random,64,256,10000,0.0001,123,268.173,0.900862,9,45
RESULT,not_converged,22,45

RESULT,classic,64,256,10000,0.0001,123,201.356,0,5,45
RESULT,scale_free,64,256,10000,0.0001,123,283.74,0.900424,14,45
RESULT,small_world,64,256,10000,0.0001,123,339.88,1.12534,22,45
RESULT,random,64,256,10000,0.0001,123,268.113,0.882373,9,45
RESULT,not_converged,22,45

RESULT,classic,64,256,10000,0.0001,123,201.495,0,5,45
RESULT,scale_free,64,256,10000,0.0001,123,284.094,0.910059,14,45
RESULT,small_world,64,256,10000,0.0001,123,339.637,1.10345,22,45
RESULT,random,64,256,10000,0.0001,123,268.144,0.918776,9,45
RESULT,not_converged,22,45

RESULT,classic,64,256,10000,0.0001,123,206.406,0,5,45
RESULT,scale_free,64,256,10000,0.0001,123,283.619,0.905442,14,45
RESULT,small_world,64,256,10000,0.0001,123,339.059,1.12316,22,45
RESULT,random,64,256,10000,0.0001,123,267.763,0.887522,9,45
RESULT,not_converged,22,45

RESULT,classic,64,256,10000,0.0001,123,200.279,0,5,45
RESULT,scale_free,64,256,10000,0.0001,123,286.232,0.908292,14,45
RESULT,small_world,64,256,10000,0.0001,123,342.061,1.12719,22,45
RESULT,random,64,256,10000,0.0001,123,270.146,0.890442,9,45
RESULT,not_converged,22,45

RESULT,classic,64,256,10000,0.0001,123,277.091,0,5,45
RESULT,scale_free,64,256,10000,0.0001,123,454.908,0.981282,14,45
RESULT,small_world,64,256,10000,0.0001,123,522.529,1.17674,22,45
RESULT,random,64,256,10000,0.0001,123,376.64,0.801464,9,45
RESULT,not_converged,22,45


--------------------------------------------------------
=> ESECUZIONE COMANDO: mpirun -np 28 ./topology_parallel 64 256 10000 0.0001 123
RESULT,classic,64,256,10000,0.0001,123,244.648,0,5,45
RESULT,scale_free,64,256,10000,0.0001,123,346.003,1.10801,14,45
RESULT,small_world,64,256,10000,0.0001,123,415.34,1.37037,22,45
RESULT,random,64,256,10000,0.0001,123,327.72,1.12081,9,45
RESULT,not_converged,22,45

RESULT,classic,64,256,10000,0.0001,123,245.495,0,5,45
RESULT,scale_free,64,256,10000,0.0001,123,345.79,1.10074,14,45
RESULT,small_world,64,256,10000,0.0001,123,415.081,1.38388,22,45
RESULT,random,64,256,10000,0.0001,123,327.857,1.10136,9,45
RESULT,not_converged,22,45

RESULT,classic,64,256,10000,0.0001,123,244.72,0,5,45
RESULT,scale_free,64,256,10000,0.0001,123,346.255,1.21319,14,45
RESULT,small_world,64,256,10000,0.0001,123,415.478,1.4225,22,45
RESULT,random,64,256,10000,0.0001,123,327.905,1.10457,9,45
RESULT,not_converged,22,45

RESULT,classic,64,256,10000,0.0001,123,244.725,0,5,45
RESULT,scale_free,64,256,10000,0.0001,123,346.105,1.11207,14,45
RESULT,small_world,64,256,10000,0.0001,123,415.554,1.36677,22,45
RESULT,random,64,256,10000,0.0001,123,327.999,1.10523,9,45
RESULT,not_converged,22,45

RESULT,classic,64,256,10000,0.0001,123,244.629,0,5,45
RESULT,scale_free,64,256,10000,0.0001,123,346.56,1.16777,14,45
RESULT,small_world,64,256,10000,0.0001,123,415.288,1.43107,22,45
RESULT,random,64,256,10000,0.0001,123,328.137,1.11554,9,45
RESULT,not_converged,22,45

RESULT,classic,64,256,10000,0.0001,123,244.644,0,5,45
RESULT,scale_free,64,256,10000,0.0001,123,346.189,1.11891,14,45
RESULT,small_world,64,256,10000,0.0001,123,415.638,1.3646,22,45
RESULT,random,64,256,10000,0.0001,123,328.157,1.12732,9,45
RESULT,not_converged,22,45

RESULT,classic,64,256,10000,0.0001,123,244.874,0,5,45
RESULT,scale_free,64,256,10000,0.0001,123,346.159,1.16408,14,45
RESULT,small_world,64,256,10000,0.0001,123,415.387,1.40838,22,45
RESULT,random,64,256,10000,0.0001,123,328.172,1.17375,9,45
RESULT,not_converged,22,45

RESULT,classic,64,256,10000,0.0001,123,244.634,0,5,45
RESULT,scale_free,64,256,10000,0.0001,123,346.395,1.10026,14,45
RESULT,small_world,64,256,10000,0.0001,123,415.819,1.36711,22,45
RESULT,random,64,256,10000,0.0001,123,328.097,1.10091,9,45
RESULT,not_converged,22,45

RESULT,classic,64,256,10000,0.0001,123,244.73,0,5,45
RESULT,scale_free,64,256,10000,0.0001,123,346.621,1.1109,14,45
RESULT,small_world,64,256,10000,0.0001,123,415.582,1.36202,22,45
RESULT,random,64,256,10000,0.0001,123,328.034,1.10822,9,45
RESULT,not_converged,22,45

RESULT,classic,64,256,10000,0.0001,123,244.781,0,5,45
RESULT,scale_free,64,256,10000,0.0001,123,346.415,1.11884,14,45
RESULT,small_world,64,256,10000,0.0001,123,415.683,1.37311,22,45
RESULT,random,64,256,10000,0.0001,123,328.21,1.10648,9,45
RESULT,not_converged,22,45

RESULT,classic,64,256,10000,0.0001,123,244.595,0,5,45
RESULT,scale_free,64,256,10000,0.0001,123,346.49,1.12235,14,45
RESULT,small_world,64,256,10000,0.0001,123,415.939,1.39142,22,45
RESULT,random,64,256,10000,0.0001,123,328.209,1.10018,9,45
RESULT,not_converged,22,45

RESULT,classic,64,256,10000,0.0001,123,244.629,0,5,45
RESULT,scale_free,64,256,10000,0.0001,123,346.621,1.1016,14,45
RESULT,small_world,64,256,10000,0.0001,123,415.77,1.35216,22,45
RESULT,random,64,256,10000,0.0001,123,328.328,1.09049,9,45
RESULT,not_converged,22,45

RESULT,classic,64,256,10000,0.0001,123,244.849,0,5,45
RESULT,scale_free,64,256,10000,0.0001,123,346.63,1.15492,14,45
RESULT,small_world,64,256,10000,0.0001,123,415.764,1.38708,22,45
RESULT,random,64,256,10000,0.0001,123,328.266,1.11594,9,45
RESULT,not_converged,22,45

RESULT,classic,64,256,10000,0.0001,123,244.904,0,5,45
RESULT,scale_free,64,256,10000,0.0001,123,346.396,1.12918,14,45
RESULT,small_world,64,256,10000,0.0001,123,415.75,1.34913,22,45
RESULT,random,64,256,10000,0.0001,123,328.378,1.13135,9,45
RESULT,not_converged,22,45

RESULT,classic,64,256,10000,0.0001,123,244.634,0,5,45
RESULT,scale_free,64,256,10000,0.0001,123,346.651,1.1412,14,45
RESULT,small_world,64,256,10000,0.0001,123,415.882,1.3997,22,45
RESULT,random,64,256,10000,0.0001,123,328.248,1.13611,9,45
RESULT,not_converged,22,45

RESULT,classic,64,256,10000,0.0001,123,244.475,0,5,45
RESULT,scale_free,64,256,10000,0.0001,123,347.203,1.1548,14,45
RESULT,small_world,64,256,10000,0.0001,123,415.668,1.38207,22,45
RESULT,random,64,256,10000,0.0001,123,328.086,1.13177,9,45
RESULT,not_converged,22,45

RESULT,classic,64,256,10000,0.0001,123,244.703,0,5,45
RESULT,scale_free,64,256,10000,0.0001,123,346.58,1.12479,14,45
RESULT,small_world,64,256,10000,0.0001,123,415.93,1.37323,22,45
RESULT,random,64,256,10000,0.0001,123,328.25,1.10344,9,45
RESULT,not_converged,22,45

RESULT,classic,64,256,10000,0.0001,123,244.709,0,5,45
RESULT,scale_free,64,256,10000,0.0001,123,346.816,1.10518,14,45
RESULT,small_world,64,256,10000,0.0001,123,415.948,1.34987,22,45
RESULT,random,64,256,10000,0.0001,123,328.147,1.09666,9,45
RESULT,not_converged,22,45

RESULT,classic,64,256,10000,0.0001,123,244.645,0,5,45
RESULT,scale_free,64,256,10000,0.0001,123,347.075,1.12854,14,45
RESULT,small_world,64,256,10000,0.0001,123,415.76,1.35204,22,45
RESULT,random,64,256,10000,0.0001,123,328.645,1.11159,9,45
RESULT,not_converged,22,45

RESULT,classic,64,256,10000,0.0001,123,244.653,0,5,45
RESULT,scale_free,64,256,10000,0.0001,123,346.743,1.10759,14,45
RESULT,small_world,64,256,10000,0.0001,123,416.051,1.36949,22,45
RESULT,random,64,256,10000,0.0001,123,328.62,1.09281,9,45
RESULT,not_converged,22,45

RESULT,classic,64,256,10000,0.0001,123,244.206,0,5,45
RESULT,scale_free,64,256,10000,0.0001,123,347.324,1.10602,14,45
RESULT,small_world,64,256,10000,0.0001,123,416.192,1.36205,22,45
RESULT,random,64,256,10000,0.0001,123,328.692,1.10767,9,45
RESULT,not_converged,22,45

RESULT,classic,64,256,10000,0.0001,123,245.162,0,5,45
RESULT,scale_free,64,256,10000,0.0001,123,347.158,1.13665,14,45
RESULT,small_world,64,256,10000,0.0001,123,416.067,1.45737,22,45
RESULT,random,64,256,10000,0.0001,123,328.306,1.14806,9,45
RESULT,not_converged,22,45

RESULT,classic,64,256,10000,0.0001,123,246.655,0,5,45
RESULT,scale_free,64,256,10000,0.0001,123,346.442,1.11343,14,45
RESULT,small_world,64,256,10000,0.0001,123,415.562,1.3751,22,45
RESULT,random,64,256,10000,0.0001,123,328.18,1.11011,9,45
RESULT,not_converged,22,45

RESULT,classic,64,256,10000,0.0001,123,244.231,0,5,45
RESULT,scale_free,64,256,10000,0.0001,123,347.651,1.1584,14,45
RESULT,small_world,64,256,10000,0.0001,123,416.337,1.37975,22,45
RESULT,random,64,256,10000,0.0001,123,328.557,1.09794,9,45
RESULT,not_converged,22,45

RESULT,classic,64,256,10000,0.0001,123,244.033,0,5,45
RESULT,scale_free,64,256,10000,0.0001,123,347.555,1.10732,14,45
RESULT,small_world,64,256,10000,0.0001,123,417.148,1.36833,22,45
RESULT,random,64,256,10000,0.0001,123,329.463,1.10753,9,45
RESULT,not_converged,22,45

RESULT,classic,64,256,10000,0.0001,123,229.984,0,5,45
RESULT,scale_free,64,256,10000,0.0001,123,349.613,1.12074,14,45
RESULT,small_world,64,256,10000,0.0001,123,468.568,1.37603,22,45
RESULT,random,64,256,10000,0.0001,123,328.599,1.0813,9,45
RESULT,not_converged,22,45

RESULT,classic,64,256,10000,0.0001,123,217.002,0,5,45
RESULT,scale_free,64,256,10000,0.0001,123,352.974,1.10761,14,45
RESULT,small_world,64,256,10000,0.0001,123,504.158,1.38602,22,45
RESULT,random,64,256,10000,0.0001,123,333.155,1.08512,9,45
RESULT,not_converged,22,45

RESULT,classic,64,256,10000,0.0001,123,399.185,0,5,45
RESULT,scale_free,64,256,10000,0.0001,123,674.805,1.52199,14,45
RESULT,small_world,64,256,10000,0.0001,123,655.106,1.38083,22,45
RESULT,random,64,256,10000,0.0001,123,525.134,1.27443,9,45
RESULT,not_converged,22,45


========================================================
>>> RUN PER SEED 456
========================================================
--------------------------------------------------------
=> ESECUZIONE COMANDO: ./topology_serial 64 256 10000 0.0001 456
RESULT,classic,64,256,10000,0.0001,456,187.324,0,5,45
RESULT,scale_free,64,256,10000,0.0001,456,244.354,0,13,45
RESULT,small_world,64,256,10000,0.0001,456,287.378,0,22,45
RESULT,random,64,256,10000,0.0001,456,228.231,0,14,45
RESULT,not_converged,22,45


--------------------------------------------------------
=> ESECUZIONE COMANDO: mpirun -np 1 ./topology_parallel 64 256 10000 0.0001 456
RESULT,classic,64,256,10000,0.0001,456,418.672,0,5,45
RESULT,scale_free,64,256,10000,0.0001,456,565.767,1.3556,13,45
RESULT,small_world,64,256,10000,0.0001,456,666.388,1.47327,22,45
RESULT,random,64,256,10000,0.0001,456,532.936,1.31125,14,45
RESULT,not_converged,22,45


--------------------------------------------------------
=> ESECUZIONE COMANDO: mpirun -np 2 ./topology_parallel 64 256 10000 0.0001 456
