
--------------------------------------------------------
=> ESECUZIONE COMANDO: mpirun -np 1 ./topology_parallel 32 256 10000 0.0001 123
RESULT,classic,32,256,10000,0.0001,123,77.3,0,17,45
RESULT,scale_free,32,256,10000,0.0001,123,108.637,0.367558,24,45
RESULT,small_world,32,256,10000,0.0001,123,118.005,0.410337,27,45
RESULT,random,32,256,10000,0.0001,123,102.735,0.367043,22,45
RESULT,not_converged,18,45


--------------------------------------------------------
=> ESECUZIONE COMANDO: mpirun -np 2 ./topology_parallel 32 256 10000 0.0001 123
RESULT,classic,32,256,10000,0.0001,123,76.352,0,17,45
RESULT,scale_free,32,256,10000,0.0001,123,108.9,0.37545,24,45
RESULT,small_world,32,256,10000,0.0001,123,115.987,0.415526,27,45
RESULT,random,32,256,10000,0.0001,123,113.71,0.44956,22,45
RESULT,not_converged,18,45

RESULT,classic,32,256,10000,0.0001,123,186.728,0,17,45
RESULT,scale_free,32,256,10000,0.0001,123,177.333,0.412415,24,45
RESULT,small_world,32,256,10000,0.0001,123,162.784,0.432169,27,45
RESULT,random,32,256,10000,0.0001,123,214.878,0.498654,22,45
RESULT,not_converged,18,45


--------------------------------------------------------
=> ESECUZIONE COMANDO: mpirun -np 4 ./topology_parallel 32 256 10000 0.0001 123
RESULT,classic,32,256,10000,0.0001,123,76.073,0,17,45
RESULT,scale_free,32,256,10000,0.0001,123,107.105,0.354649,24,45
RESULT,small_world,32,256,10000,0.0001,123,115.783,0.397396,27,45
RESULT,random,32,256,10000,0.0001,123,100.536,0.352783,22,45
RESULT,not_converged,18,45

RESULT,classic,32,256,10000,0.0001,123,76.1951,0,17,45
RESULT,scale_free,32,256,10000,0.0001,123,107.672,0.369637,24,45
RESULT,small_world,32,256,10000,0.0001,123,115.74,0.394022,27,45
RESULT,random,32,256,10000,0.0001,123,100.553,0.349442,22,45
RESULT,not_converged,18,45

RESULT,classic,32,256,10000,0.0001,123,76.2054,0,17,45
RESULT,scale_free,32,256,10000,0.0001,123,115.781,0.370548,24,45
RESULT,small_world,32,256,10000,0.0001,123,124.507,0.404159,27,45
RESULT,random,32,256,10000,0.0001,123,108.591,0.355009,22,45
RESULT,not_converged,18,45

RESULT,classic,32,256,10000,0.0001,123,189.058,0,17,45
RESULT,scale_free,32,256,10000,0.0001,123,262.721,0.596164,24,45
RESULT,small_world,32,256,10000,0.0001,123,288.432,0.668463,27,45
RESULT,random,32,256,10000,0.0001,123,253.903,0.602893,22,45
RESULT,not_converged,18,45


--------------------------------------------------------
=> ESECUZIONE COMANDO: mpirun -np 8 ./topology_parallel 32 256 10000 0.0001 123
RESULT,classic,32,256,10000,0.0001,123,76.1614,0,17,45
RESULT,scale_free,32,256,10000,0.0001,123,108.269,0.361971,24,45
RESULT,small_world,32,256,10000,0.0001,123,118.324,0.408268,27,45
RESULT,random,32,256,10000,0.0001,123,100.792,0.352363,22,45
RESULT,not_converged,18,45

RESULT,classic,32,256,10000,0.0001,123,76.1674,0,17,45
RESULT,scale_free,32,256,10000,0.0001,123,108.777,0.366202,24,45
RESULT,small_world,32,256,10000,0.0001,123,118.344,0.406058,27,45
RESULT,random,32,256,10000,0.0001,123,101.132,0.348121,22,45
RESULT,not_converged,18,45

RESULT,classic,32,256,10000,0.0001,123,76.0039,0,17,45
RESULT,scale_free,32,256,10000,0.0001,123,110.294,0.373387,24,45
RESULT,small_world,32,256,10000,0.0001,123,118.405,0.411292,27,45
RESULT,random,32,256,10000,0.0001,123,101.083,0.348587,22,45
RESULT,not_converged,18,45

RESULT,classic,32,256,10000,0.0001,123,76.1877,0,17,45
RESULT,scale_free,32,256,10000,0.0001,123,108.717,0.365336,24,45
RESULT,small_world,32,256,10000,0.0001,123,119.309,0.403943,27,45
RESULT,random,32,256,10000,0.0001,123,101.602,0.347379,22,45
RESULT,not_converged,18,45

RESULT,classic,32,256,10000,0.0001,123,76.1715,0,17,45
RESULT,scale_free,32,256,10000,0.0001,123,110.552,0.370775,24,45
RESULT,small_world,32,256,10000,0.0001,123,118.447,0.411722,27,45
RESULT,random,32,256,10000,0.0001,123,101.219,0.351317,22,45
RESULT,not_converged,18,45

RESULT,classic,32,256,10000,0.0001,123,76.0669,0,17,45
RESULT,scale_free,32,256,10000,0.0001,123,109.526,0.359668,24,45
RESULT,small_world,32,256,10000,0.0001,123,119.56,0.404842,27,45
RESULT,random,32,256,10000,0.0001,123,102.09,0.348544,22,45
RESULT,not_converged,18,45

RESULT,classic,32,256,10000,0.0001,123,76.139,0,17,45
RESULT,scale_free,32,256,10000,0.0001,123,115.004,0.374221,24,45
RESULT,small_world,32,256,10000,0.0001,123,122.698,0.40933,27,45
RESULT,random,32,256,10000,0.0001,123,101.009,0.353532,22,45
RESULT,not_converged,18,45

RESULT,classic,32,256,10000,0.0001,123,182.677,0,17,45
RESULT,scale_free,32,256,10000,0.0001,123,252.052,0.545367,24,45
RESULT,small_world,32,256,10000,0.0001,123,285.613,0.643688,27,45
RESULT,random,32,256,10000,0.0001,123,236.255,0.57988,22,45
RESULT,not_converged,18,45


--------------------------------------------------------
=> ESECUZIONE COMANDO: mpirun -np 16 ./topology_parallel 32 256 10000 0.0001 123
RESULT,classic,32,256,10000,0.0001,123,85.6017,0,17,45
RESULT,scale_free,32,256,10000,0.0001,123,123.556,0.403989,24,45
RESULT,small_world,32,256,10000,0.0001,123,135.768,0.464905,27,45
RESULT,random,32,256,10000,0.0001,123,114.061,0.395436,22,45
RESULT,not_converged,18,45

RESULT,classic,32,256,10000,0.0001,123,85.7624,0,17,45
RESULT,scale_free,32,256,10000,0.0001,123,122.854,0.413373,24,45
RESULT,small_world,32,256,10000,0.0001,123,136.268,0.463863,27,45
RESULT,random,32,256,10000,0.0001,123,114.258,0.394078,22,45
RESULT,not_converged,18,45

RESULT,classic,32,256,10000,0.0001,123,85.7124,0,17,45
RESULT,scale_free,32,256,10000,0.0001,123,123.216,0.408831,24,45
RESULT,small_world,32,256,10000,0.0001,123,136.041,0.458815,27,45
RESULT,random,32,256,10000,0.0001,123,114.225,0.399088,22,45
RESULT,not_converged,18,45

RESULT,classic,32,256,10000,0.0001,123,85.8138,0,17,45
RESULT,scale_free,32,256,10000,0.0001,123,122.661,0.40485,24,45
RESULT,small_world,32,256,10000,0.0001,123,136.209,0.460706,27,45
RESULT,random,32,256,10000,0.0001,123,114.664,0.404451,22,45
RESULT,not_converged,18,45

RESULT,classic,32,256,10000,0.0001,123,85.843,0,17,45
RESULT,scale_free,32,256,10000,0.0001,123,122.638,0.410169,24,45
RESULT,small_world,32,256,10000,0.0001,123,136.473,0.471142,27,45
RESULT,random,32,256,10000,0.0001,123,114.438,0.396305,22,45
RESULT,not_converged,18,45

RESULT,classic,32,256,10000,0.0001,123,85.7508,0,17,45
RESULT,scale_free,32,256,10000,0.0001,123,122.811,0.403336,24,45
RESULT,small_world,32,256,10000,0.0001,123,136.329,0.465351,27,45
RESULT,random,32,256,10000,0.0001,123,114.67,0.39961,22,45
RESULT,not_converged,18,45

RESULT,classic,32,256,10000,0.0001,123,85.7748,0,17,45
RESULT,scale_free,32,256,10000,0.0001,123,122.915,0.410286,24,45
RESULT,small_world,32,256,10000,0.0001,123,136.424,0.460624,27,45
RESULT,random,32,256,10000,0.0001,123,114.396,0.399294,22,45
RESULT,not_converged,18,45

RESULT,classic,32,256,10000,0.0001,123,85.8958,0,17,45
RESULT,scale_free,32,256,10000,0.0001,123,123.057,0.41025,24,45
RESULT,small_world,32,256,10000,0.0001,123,136.541,0.463329,27,45
RESULT,random,32,256,10000,0.0001,123,114.387,0.407665,22,45
RESULT,not_converged,18,45

RESULT,classic,32,256,10000,0.0001,123,85.6954,0,17,45
RESULT,scale_free,32,256,10000,0.0001,123,123.573,0.403521,24,45
RESULT,small_world,32,256,10000,0.0001,123,136.334,0.460381,27,45
RESULT,random,32,256,10000,0.0001,123,114.286,0.408026,22,45
RESULT,not_converged,18,45

RESULT,classic,32,256,10000,0.0001,123,85.8942,0,17,45
RESULT,scale_free,32,256,10000,0.0001,123,123.586,0.412999,24,45
RESULT,small_world,32,256,10000,0.0001,123,135.928,0.460665,27,45
RESULT,random,32,256,10000,0.0001,123,114.484,0.396783,22,45
RESULT,not_converged,18,45

RESULT,classic,32,256,10000,0.0001,123,85.6875,0,17,45
RESULT,scale_free,32,256,10000,0.0001,123,123.261,0.413579,24,45
RESULT,small_world,32,256,10000,0.0001,123,136.576,0.46339,27,45
RESULT,random,32,256,10000,0.0001,123,114.456,0.393669,22,45
RESULT,not_converged,18,45

RESULT,classic,32,256,10000,0.0001,123,85.9556,0,17,45
RESULT,scale_free,32,256,10000,0.0001,123,123.526,0.412928,24,45
RESULT,small_world,32,256,10000,0.0001,123,136.4,0.47493,27,45
RESULT,random,32,256,10000,0.0001,123,114.125,0.392395,22,45
RESULT,not_converged,18,45

RESULT,classic,32,256,10000,0.0001,123,86.4465,0,17,45
RESULT,scale_free,32,256,10000,0.0001,123,123.011,0.415166,24,45
RESULT,small_world,32,256,10000,0.0001,123,136.548,0.465302,27,45
RESULT,random,32,256,10000,0.0001,123,114.332,0.40132,22,45
RESULT,not_converged,18,45

RESULT,classic,32,256,10000,0.0001,123,86.2794,0,17,45
RESULT,scale_free,32,256,10000,0.0001,123,125.476,0.408614,24,45
RESULT,small_world,32,256,10000,0.0001,123,139.186,0.457764,27,45
RESULT,random,32,256,10000,0.0001,123,116.403,0.399162,22,45
RESULT,not_converged,18,45

RESULT,classic,32,256,10000,0.0001,123,166.611,0,17,45
RESULT,scale_free,32,256,10000,0.0001,123,193.381,0.433066,24,45
RESULT,small_world,32,256,10000,0.0001,123,191.78,0.495172,27,45
RESULT,random,32,256,10000,0.0001,123,168.955,0.391521,22,45
RESULT,not_converged,18,45

RESULT,classic,32,256,10000,0.0001,123,197.15,0,17,45
RESULT,scale_free,32,256,10000,0.0001,123,271.034,0.599529,24,45
RESULT,small_world,32,256,10000,0.0001,123,316.432,0.74558,27,45
RESULT,random,32,256,10000,0.0001,123,245.123,0.604335,22,45
RESULT,not_converged,18,45


--------------------------------------------------------
=> ESECUZIONE COMANDO: mpirun -np 28 ./topology_parallel 32 256 10000 0.0001 123
RESULT,classic,32,256,10000,0.0001,123,105.435,0,17,45
RESULT,scale_free,32,256,10000,0.0001,123,148.835,0.491842,24,45
RESULT,small_world,32,256,10000,0.0001,123,161.023,0.555223,27,45
RESULT,random,32,256,10000,0.0001,123,139.249,0.477797,22,45
RESULT,not_converged,18,45

RESULT,classic,32,256,10000,0.0001,123,105.343,0,17,45
RESULT,scale_free,32,256,10000,0.0001,123,148.927,0.493667,24,45
RESULT,small_world,32,256,10000,0.0001,123,161.002,0.542248,27,45
RESULT,random,32,256,10000,0.0001,123,139.308,0.48173,22,45
RESULT,not_converged,18,45

RESULT,classic,32,256,10000,0.0001,123,105.322,0,17,45
RESULT,scale_free,32,256,10000,0.0001,123,149.063,0.49754,24,45
RESULT,small_world,32,256,10000,0.0001,123,161.072,0.544103,27,45
RESULT,random,32,256,10000,0.0001,123,139.376,0.482555,22,45
RESULT,not_converged,18,45

RESULT,classic,32,256,10000,0.0001,123,105.538,0,17,45
RESULT,scale_free,32,256,10000,0.0001,123,148.918,0.498567,24,45
RESULT,small_world,32,256,10000,0.0001,123,160.873,0.544702,27,45
RESULT,random,32,256,10000,0.0001,123,139.688,0.486675,22,45
RESULT,not_converged,18,45

RESULT,classic,32,256,10000,0.0001,123,105.606,0,17,45
RESULT,scale_free,32,256,10000,0.0001,123,149.03,0.497119,24,45
RESULT,small_world,32,256,10000,0.0001,123,161.009,0.553677,27,45
RESULT,random,32,256,10000,0.0001,123,139.409,0.485642,22,45
RESULT,not_converged,18,45

RESULT,classic,32,256,10000,0.0001,123,105.287,0,17,45
RESULT,scale_free,32,256,10000,0.0001,123,149.011,0.504234,24,45
RESULT,small_world,32,256,10000,0.0001,123,161.587,0.567663,27,45
RESULT,random,32,256,10000,0.0001,123,139.377,0.493095,22,45
RESULT,not_converged,18,45

RESULT,classic,32,256,10000,0.0001,123,106.256,0,17,45
RESULT,scale_free,32,256,10000,0.0001,123,149.129,0.493182,24,45
RESULT,small_world,32,256,10000,0.0001,123,161.175,0.551161,27,45
RESULT,random,32,256,10000,0.0001,123,139.389,0.48284,22,45
RESULT,not_converged,18,45

RESULT,classic,32,256,10000,0.0001,123,105.37,0,17,45
RESULT,scale_free,32,256,10000,0.0001,123,149.664,0.498624,24,45
RESULT,small_world,32,256,10000,0.0001,123,161.338,0.552148,27,45
RESULT,random,32,256,10000,0.0001,123,139.644,0.486604,22,45
RESULT,not_converged,18,45

RESULT,classic,32,256,10000,0.0001,123,105.193,0,17,45
RESULT,scale_free,32,256,10000,0.0001,123,149.203,0.505126,24,45
RESULT,small_world,32,256,10000,0.0001,123,162.35,0.549153,27,45
RESULT,random,32,256,10000,0.0001,123,139.559,0.49063,22,45
RESULT,not_converged,18,45

RESULT,classic,32,256,10000,0.0001,123,105.484,0,17,45
RESULT,scale_free,32,256,10000,0.0001,123,149.4,0.490871,24,45
RESULT,small_world,32,256,10000,0.0001,123,161.927,0.554016,27,45
RESULT,random,32,256,10000,0.0001,123,139.639,0.477556,22,45
RESULT,not_converged,18,45

RESULT,classic,32,256,10000,0.0001,123,106.382,0,17,45
RESULT,scale_free,32,256,10000,0.0001,123,149.357,0.497756,24,45
RESULT,small_world,32,256,10000,0.0001,123,161.56,0.554195,27,45
RESULT,random,32,256,10000,0.0001,123,139.441,0.489954,22,45
RESULT,not_converged,18,45

RESULT,classic,32,256,10000,0.0001,123,105.065,0,17,45
RESULT,scale_free,32,256,10000,0.0001,123,148.827,0.496335,24,45
RESULT,small_world,32,256,10000,0.0001,123,164.131,0.55422,27,45
RESULT,random,32,256,10000,0.0001,123,139.326,0.487868,22,45
RESULT,not_converged,18,45

RESULT,classic,32,256,10000,0.0001,123,104.944,0,17,45
RESULT,scale_free,32,256,10000,0.0001,123,149.355,0.504775,24,45
RESULT,small_world,32,256,10000,0.0001,123,163.861,0.554757,27,45
RESULT,random,32,256,10000,0.0001,123,139.407,0.486448,22,45
RESULT,not_converged,18,45

RESULT,classic,32,256,10000,0.0001,123,105.051,0,17,45
RESULT,scale_free,32,256,10000,0.0001,123,149.096,0.51199,24,45
RESULT,small_world,32,256,10000,0.0001,123,164.176,0.569813,27,45
RESULT,random,32,256,10000,0.0001,123,139.553,0.491004,22,45
RESULT,not_converged,18,45

RESULT,classic,32,256,10000,0.0001,123,105.283,0,17,45
RESULT,scale_free,32,256,10000,0.0001,123,149.303,0.498548,24,45
RESULT,small_world,32,256,10000,0.0001,123,164.029,0.561,27,45
RESULT,random,32,256,10000,0.0001,123,139.386,0.477188,22,45
RESULT,not_converged,18,45

RESULT,classic,32,256,10000,0.0001,123,104.93,0,17,45
RESULT,scale_free,32,256,10000,0.0001,123,150.163,0.502391,24,45
RESULT,small_world,32,256,10000,0.0001,123,162.558,0.54372,27,45
RESULT,random,32,256,10000,0.0001,123,140.469,0.487023,22,45
RESULT,not_converged,18,45

RESULT,classic,32,256,10000,0.0001,123,104.922,0,17,45
RESULT,scale_free,32,256,10000,0.0001,123,149.322,0.493728,24,45
RESULT,small_world,32,256,10000,0.0001,123,164.182,0.54456,27,45
RESULT,random,32,256,10000,0.0001,123,139.841,0.482056,22,45
RESULT,not_converged,18,45

RESULT,classic,32,256,10000,0.0001,123,104.728,0,17,45
RESULT,scale_free,32,256,10000,0.0001,123,150.365,0.50012,24,45
RESULT,small_world,32,256,10000,0.0001,123,163.966,0.544619,27,45
RESULT,random,32,256,10000,0.0001,123,139.737,0.482282,22,45
RESULT,not_converged,18,45

RESULT,classic,32,256,10000,0.0001,123,104.075,0,17,45
RESULT,scale_free,32,256,10000,0.0001,123,149.487,0.499221,24,45
RESULT,small_world,32,256,10000,0.0001,123,167.232,0.582287,27,45
RESULT,random,32,256,10000,0.0001,123,139.369,0.478367,22,45
RESULT,not_converged,18,45

RESULT,classic,32,256,10000,0.0001,123,103.818,0,17,45
RESULT,scale_free,32,256,10000,0.0001,123,151.431,0.508045,24,45
RESULT,small_world,32,256,10000,0.0001,123,165.922,0.567198,27,45
RESULT,random,32,256,10000,0.0001,123,139.375,0.478212,22,45
RESULT,not_converged,18,45

RESULT,classic,32,256,10000,0.0001,123,106.554,0,17,45
RESULT,scale_free,32,256,10000,0.0001,123,148.918,0.495329,24,45
RESULT,small_world,32,256,10000,0.0001,123,167.179,0.588464,27,45
RESULT,random,32,256,10000,0.0001,123,139.484,0.482177,22,45
RESULT,not_converged,18,45

RESULT,classic,32,256,10000,0.0001,123,101.438,0,17,45
RESULT,scale_free,32,256,10000,0.0001,123,149.161,0.486172,24,45
RESULT,small_world,32,256,10000,0.0001,123,177.784,0.606985,27,45
RESULT,random,32,256,10000,0.0001,123,139.54,0.479155,22,45
RESULT,not_converged,18,45

RESULT,classic,32,256,10000,0.0001,123,100.653,0,17,45
RESULT,scale_free,32,256,10000,0.0001,123,149.495,0.494823,24,45
RESULT,small_world,32,256,10000,0.0001,123,179.748,0.574572,27,45
RESULT,random,32,256,10000,0.0001,123,139.563,0.479183,22,45
RESULT,not_converged,18,45

RESULT,classic,32,256,10000,0.0001,123,100.831,0,17,45
RESULT,scale_free,32,256,10000,0.0001,123,149.024,0.490305,24,45
RESULT,small_world,32,256,10000,0.0001,123,180.351,0.651251,27,45
RESULT,random,32,256,10000,0.0001,123,139.549,0.474801,22,45
RESULT,not_converged,18,45

RESULT,classic,32,256,10000,0.0001,123,104.394,0,17,45
RESULT,scale_free,32,256,10000,0.0001,123,149.06,0.507598,24,45
RESULT,small_world,32,256,10000,0.0001,123,180.014,0.66191,27,45
RESULT,random,32,256,10000,0.0001,123,139.345,0.484832,22,45
RESULT,not_converged,18,45

RESULT,classic,32,256,10000,0.0001,123,96.2946,0,17,45
RESULT,scale_free,32,256,10000,0.0001,123,149.983,0.488382,24,45
RESULT,small_world,32,256,10000,0.0001,123,195.176,0.720751,27,45
RESULT,random,32,256,10000,0.0001,123,139.686,0.474948,22,45
RESULT,not_converged,18,45

RESULT,classic,32,256,10000,0.0001,123,135.765,0,17,45
RESULT,scale_free,32,256,10000,0.0001,123,303.316,0.668984,24,45
RESULT,small_world,32,256,10000,0.0001,123,379.11,0.886248,27,45
RESULT,random,32,256,10000,0.0001,123,234.231,0.633962,22,45
RESULT,not_converged,18,45

RESULT,classic,32,256,10000,0.0001,123,134.722,0,17,45
RESULT,scale_free,32,256,10000,0.0001,123,306.124,0.678087,24,45
RESULT,small_world,32,256,10000,0.0001,123,377.851,0.831678,27,45
RESULT,random,32,256,10000,0.0001,123,237.275,0.609758,22,45
RESULT,not_converged,18,45


========================================================
>>> RUN PER SEED 456
========================================================
--------------------------------------------------------
=> ESECUZIONE COMANDO: ./topology_serial 32 256 10000 0.0001 456
RESULT,classic,32,256,10000,0.0001,456,81.8897,0,13,45
RESULT,scale_free,32,256,10000,0.0001,456,112.648,0,20,45
RESULT,small_world,32,256,10000,0.0001,456,120.677,0,28,45
RESULT,random,32,256,10000,0.0001,456,107.152,0,23,45
RESULT,not_converged,17,45


--------------------------------------------------------
=> ESECUZIONE COMANDO: mpirun -np 1 ./topology_parallel 32 256 10000 0.0001 456
RESULT,classic,32,256,10000,0.0001,456,92.4468,0,13,45
RESULT,scale_free,32,256,10000,0.0001,456,131.981,0.485069,20,45
RESULT,small_world,32,256,10000,0.0001,456,133.111,0.489347,28,45
RESULT,random,32,256,10000,0.0001,456,111.576,0.391414,23,45
RESULT,not_converged,17,45


--------------------------------------------------------
=> ESECUZIONE COMANDO: mpirun -np 2 ./topology_parallel 32 256 10000 0.0001 456
RESULT,classic,32,256,10000,0.0001,456,78.8519,0,13,45
RESULT,scale_free,32,256,10000,0.0001,456,108.667,0.393025,20,45
RESULT,small_world,32,256,10000,0.0001,456,122.902,0.433092,28,45
RESULT,random,32,256,10000,0.0001,456,99.6673,0.349843,23,45
RESULT,not_converged,17,45

RESULT,classic,32,256,10000,0.0001,456,79.5382,0,13,45
RESULT,scale_free,32,256,10000,0.0001,456,109.158,0.385639,20,45
RESULT,small_world,32,256,10000,0.0001,456,124.364,0.441555,28,45
RESULT,random,32,256,10000,0.0001,456,101.147,0.362222,23,45
RESULT,not_converged,17,45


--------------------------------------------------------
=> ESECUZIONE COMANDO: mpirun -np 4 ./topology_parallel 32 256 10000 0.0001 456
RESULT,classic,32,256,10000,0.0001,456,78.9075,0,13,45
RESULT,scale_free,32,256,10000,0.0001,456,108.474,0.378842,20,45
RESULT,small_world,32,256,10000,0.0001,456,118.066,0.420629,28,45
RESULT,random,32,256,10000,0.0001,456,100.755,0.343486,23,45
RESULT,not_converged,17,45

RESULT,classic,32,256,10000,0.0001,456,82.79,0,13,45
RESULT,scale_free,32,256,10000,0.0001,456,108.389,0.381657,20,45
RESULT,small_world,32,256,10000,0.0001,456,117.71,0.422636,28,45
RESULT,random,32,256,10000,0.0001,456,99.7421,0.343471,23,45
RESULT,not_converged,17,45

RESULT,classic,32,256,10000,0.0001,456,79.1974,0,13,45
RESULT,scale_free,32,256,10000,0.0001,456,110.38,0.386255,20,45
RESULT,small_world,32,256,10000,0.0001,456,119.189,0.420795,28,45
RESULT,random,32,256,10000,0.0001,456,101.024,0.351777,23,45
RESULT,not_converged,17,45

RESULT,classic,32,256,10000,0.0001,456,78.9237,0,13,45
RESULT,scale_free,32,256,10000,0.0001,456,119.842,0.407559,20,45
RESULT,small_world,32,256,10000,0.0001,456,117.939,0.409995,28,45
RESULT,random,32,256,10000,0.0001,456,100.402,0.348513,23,45
RESULT,not_converged,17,45


--------------------------------------------------------
=> ESECUZIONE COMANDO: mpirun -np 8 ./topology_parallel 32 256 10000 0.0001 456
RESULT,classic,32,256,10000,0.0001,456,79.4618,0,13,45
RESULT,scale_free,32,256,10000,0.0001,456,111.244,0.383104,20,45
RESULT,small_world,32,256,10000,0.0001,456,121.196,0.424912,28,45
RESULT,random,32,256,10000,0.0001,456,102.29,0.345846,23,45
RESULT,not_converged,17,45

RESULT,classic,32,256,10000,0.0001,456,79.5734,0,13,45
RESULT,scale_free,32,256,10000,0.0001,456,111.426,0.379869,20,45
RESULT,small_world,32,256,10000,0.0001,456,121.588,0.418082,28,45
RESULT,random,32,256,10000,0.0001,456,102.634,0.346603,23,45
RESULT,not_converged,17,45

RESULT,classic,32,256,10000,0.0001,456,79.523,0,13,45
RESULT,scale_free,32,256,10000,0.0001,456,111.296,0.374657,20,45
RESULT,small_world,32,256,10000,0.0001,456,121.597,0.421862,28,45
RESULT,random,32,256,10000,0.0001,456,102.859,0.348216,23,45
RESULT,not_converged,17,45

RESULT,classic,32,256,10000,0.0001,456,79.5437,0,13,45
RESULT,scale_free,32,256,10000,0.0001,456,111.731,0.392033,20,45
RESULT,small_world,32,256,10000,0.0001,456,122.158,0.416456,28,45
RESULT,random,32,256,10000,0.0001,456,102.602,0.343414,23,45
RESULT,not_converged,17,45

RESULT,classic,32,256,10000,0.0001,456,79.4971,0,13,45
RESULT,scale_free,32,256,10000,0.0001,456,112.182,0.377539,20,45
RESULT,small_world,32,256,10000,0.0001,456,122.189,0.42481,28,45
RESULT,random,32,256,10000,0.0001,456,102.69,0.343523,23,45
RESULT,not_converged,17,45

RESULT,classic,32,256,10000,0.0001,456,79.5217,0,13,45
RESULT,scale_free,32,256,10000,0.0001,456,113.111,0.381689,20,45
RESULT,small_world,32,256,10000,0.0001,456,122.583,0.414799,28,45
RESULT,random,32,256,10000,0.0001,456,103.693,0.346275,23,45
RESULT,not_converged,17,45

RESULT,classic,32,256,10000,0.0001,456,79.5321,0,13,45
RESULT,scale_free,32,256,10000,0.0001,456,117.516,0.402622,20,45
RESULT,small_world,32,256,10000,0.0001,456,122.223,0.417039,28,45
RESULT,random,32,256,10000,0.0001,456,102.509,0.345535,23,45
RESULT,not_converged,17,45

RESULT,classic,32,256,10000,0.0001,456,130.203,0,13,45
RESULT,scale_free,32,256,10000,0.0001,456,134.019,0.419304,20,45
RESULT,small_world,32,256,10000,0.0001,456,123.022,0.426199,28,45
RESULT,random,32,256,10000,0.0001,456,164.864,0.369276,23,45
RESULT,not_converged,17,45


--------------------------------------------------------
=> ESECUZIONE COMANDO: mpirun -np 16 ./topology_parallel 32 256 10000 0.0001 456
RESULT,classic,32,256,10000,0.0001,456,88.7638,0,13,45
RESULT,scale_free,32,256,10000,0.0001,456,122.59,0.42308,20,45
RESULT,small_world,32,256,10000,0.0001,456,136.697,0.47541,28,45
RESULT,random,32,256,10000,0.0001,456,111.958,0.387338,23,45
RESULT,not_converged,17,45

RESULT,classic,32,256,10000,0.0001,456,88.877,0,13,45
RESULT,scale_free,32,256,10000,0.0001,456,122.121,0.415522,20,45
RESULT,small_world,32,256,10000,0.0001,456,137.049,0.482133,28,45
RESULT,random,32,256,10000,0.0001,456,112.203,0.374221,23,45
RESULT,not_converged,17,45

RESULT,classic,32,256,10000,0.0001,456,88.9668,0,13,45
RESULT,scale_free,32,256,10000,0.0001,456,122.119,0.410549,20,45
RESULT,small_world,32,256,10000,0.0001,456,137.36,0.478458,28,45
RESULT,random,32,256,10000,0.0001,456,112.12,0.372024,23,45
RESULT,not_converged,17,45

RESULT,classic,32,256,10000,0.0001,456,89.0758,0,13,45
RESULT,scale_free,32,256,10000,0.0001,456,122.39,0.421569,20,45
RESULT,small_world,32,256,10000,0.0001,456,137.324,0.4745,28,45
RESULT,random,32,256,10000,0.0001,456,111.961,0.375351,23,45
RESULT,not_converged,17,45

RESULT,classic,32,256,10000,0.0001,456,89.015,0,13,45
RESULT,scale_free,32,256,10000,0.0001,456,122.81,0.412608,20,45
RESULT,small_world,32,256,10000,0.0001,456,137.243,0.484344,28,45
RESULT,random,32,256,10000,0.0001,456,111.86,0.376398,23,45
RESULT,not_converged,17,45

RESULT,classic,32,256,10000,0.0001,456,89.0099,0,13,45
RESULT,scale_free,32,256,10000,0.0001,456,122.485,0.429454,20,45
RESULT,small_world,32,256,10000,0.0001,456,137.226,0.483397,28,45
RESULT,random,32,256,10000,0.0001,456,112.318,0.374909,23,45
RESULT,not_converged,17,45

RESULT,classic,32,256,10000,0.0001,456,88.9823,0,13,45
RESULT,scale_free,32,256,10000,0.0001,456,122.616,0.416395,20,45
RESULT,small_world,32,256,10000,0.0001,456,137.476,0.474725,28,45
RESULT,random,32,256,10000,0.0001,456,112.155,0.377996,23,45
RESULT,not_converged,17,45

RESULT,classic,32,256,10000,0.0001,456,90.0019,0,13,45
RESULT,scale_free,32,256,10000,0.0001,456,122.333,0.416176,20,45
RESULT,small_world,32,256,10000,0.0001,456,136.888,0.476587,28,45
RESULT,random,32,256,10000,0.0001,456,112.067,0.378042,23,45
RESULT,not_converged,17,45

RESULT,classic,32,256,10000,0.0001,456,88.8238,0,13,45
RESULT,scale_free,32,256,10000,0.0001,456,122.969,0.414946,20,45
RESULT,small_world,32,256,10000,0.0001,456,137.586,0.478504,28,45
RESULT,random,32,256,10000,0.0001,456,112.05,0.38008,23,45
RESULT,not_converged,17,45

RESULT,classic,32,256,10000,0.0001,456,88.9239,0,13,45
RESULT,scale_free,32,256,10000,0.0001,456,123.812,0.414909,20,45
RESULT,small_world,32,256,10000,0.0001,456,137.053,0.470707,28,45
RESULT,random,32,256,10000,0.0001,456,112.079,0.370949,23,45
RESULT,not_converged,17,45

RESULT,classic,32,256,10000,0.0001,456,88.8048,0,13,45
RESULT,scale_free,32,256,10000,0.0001,456,122.665,0.416006,20,45
RESULT,small_world,32,256,10000,0.0001,456,138.428,0.472384,28,45
RESULT,random,32,256,10000,0.0001,456,112.859,0.374359,23,45
RESULT,not_converged,17,45

RESULT,classic,32,256,10000,0.0001,456,88.5848,0,13,45
RESULT,scale_free,32,256,10000,0.0001,456,123.521,0.414458,20,45
RESULT,small_world,32,256,10000,0.0001,456,138.354,0.471182,28,45
RESULT,random,32,256,10000,0.0001,456,113.017,0.379667,23,45
RESULT,not_converged,17,45

RESULT,classic,32,256,10000,0.0001,456,93.1963,0,13,45
RESULT,scale_free,32,256,10000,0.0001,456,122.145,0.428925,20,45
RESULT,small_world,32,256,10000,0.0001,456,137.102,0.470935,28,45
RESULT,random,32,256,10000,0.0001,456,112.206,0.373977,23,45
RESULT,not_converged,17,45

RESULT,classic,32,256,10000,0.0001,456,88.4754,0,13,45
RESULT,scale_free,32,256,10000,0.0001,456,124.107,0.414561,20,45
RESULT,small_world,32,256,10000,0.0001,456,138.914,0.479575,28,45
RESULT,random,32,256,10000,0.0001,456,113.423,0.383139,23,45
RESULT,not_converged,17,45

RESULT,classic,32,256,10000,0.0001,456,88.525,0,13,45
RESULT,scale_free,32,256,10000,0.0001,456,122.972,0.414421,20,45
RESULT,small_world,32,256,10000,0.0001,456,137.633,0.475834,28,45
RESULT,random,32,256,10000,0.0001,456,116.343,0.383485,23,45
RESULT,not_converged,17,45

RESULT,classic,32,256,10000,0.0001,456,131.242,0,13,45
RESULT,scale_free,32,256,10000,0.0001,456,198.701,0.460695,20,45
RESULT,small_world,32,256,10000,0.0001,456,223.554,0.517956,28,45
RESULT,random,32,256,10000,0.0001,456,169.679,0.378207,23,45
RESULT,not_converged,17,45


--------------------------------------------------------
=> ESECUZIONE COMANDO: mpirun -np 28 ./topology_parallel 32 256 10000 0.0001 456
RESULT,classic,32,256,10000,0.0001,456,107.662,0,13,45
RESULT,scale_free,32,256,10000,0.0001,456,148.838,0.500605,20,45
RESULT,small_world,32,256,10000,0.0001,456,165.351,0.578472,28,45
RESULT,random,32,256,10000,0.0001,456,135.82,0.447401,23,45
RESULT,not_converged,17,45

RESULT,classic,32,256,10000,0.0001,456,107.822,0,13,45
RESULT,scale_free,32,256,10000,0.0001,456,148.637,0.498881,20,45
RESULT,small_world,32,256,10000,0.0001,456,166.737,0.572176,28,45
RESULT,random,32,256,10000,0.0001,456,136.089,0.448108,23,45
RESULT,not_converged,17,45

RESULT,classic,32,256,10000,0.0001,456,107.61,0,13,45
RESULT,scale_free,32,256,10000,0.0001,456,149.66,0.501165,20,45
RESULT,small_world,32,256,10000,0.0001,456,169.395,0.60626,28,45
RESULT,random,32,256,10000,0.0001,456,136.081,0.45076,23,45
RESULT,not_converged,17,45

RESULT,classic,32,256,10000,0.0001,456,107.514,0,13,45
RESULT,scale_free,32,256,10000,0.0001,456,151.561,0.503474,20,45
RESULT,small_world,32,256,10000,0.0001,456,168.215,0.58024,28,45
RESULT,random,32,256,10000,0.0001,456,137.698,0.457337,23,45
RESULT,not_converged,17,45

RESULT,classic,32,256,10000,0.0001,456,107.283,0,13,45
RESULT,scale_free,32,256,10000,0.0001,456,148.435,0.504084,20,45
RESULT,small_world,32,256,10000,0.0001,456,173.208,0.60031,28,45
RESULT,random,32,256,10000,0.0001,456,136.899,0.45757,23,45
RESULT,not_converged,17,45

RESULT,classic,32,256,10000,0.0001,456,107.463,0,13,45
RESULT,scale_free,32,256,10000,0.0001,456,148.924,0.496952,20,45
RESULT,small_world,32,256,10000,0.0001,456,174.14,0.614234,28,45
RESULT,random,32,256,10000,0.0001,456,136.448,0.459481,23,45
RESULT,not_converged,17,45

RESULT,classic,32,256,10000,0.0001,456,107.208,0,13,45
RESULT,scale_free,32,256,10000,0.0001,456,148.225,0.494772,20,45
RESULT,small_world,32,256,10000,0.0001,456,176.511,0.651244,28,45
RESULT,random,32,256,10000,0.0001,456,135.903,0.452619,23,45
RESULT,not_converged,17,45

RESULT,classic,32,256,10000,0.0001,456,106.755,0,13,45
RESULT,scale_free,32,256,10000,0.0001,456,148.41,0.496722,20,45
RESULT,small_world,32,256,10000,0.0001,456,180.202,0.726251,28,45
RESULT,random,32,256,10000,0.0001,456,136.602,0.461689,23,45
RESULT,not_converged,17,45

RESULT,classic,32,256,10000,0.0001,456,105.812,0,13,45
RESULT,scale_free,32,256,10000,0.0001,456,148.51,0.498952,20,45
RESULT,small_world,32,256,10000,0.0001,456,189.606,0.784867,28,45
RESULT,random,32,256,10000,0.0001,456,135.747,0.456971,23,45
RESULT,not_converged,17,45

RESULT,classic,32,256,10000,0.0001,456,105.717,0,13,45
RESULT,scale_free,32,256,10000,0.0001,456,148.163,0.499361,20,45
RESULT,small_world,32,256,10000,0.0001,456,190.494,0.641037,28,45
RESULT,random,32,256,10000,0.0001,456,135.903,0.453161,23,45
RESULT,not_converged,17,45

RESULT,classic,32,256,10000,0.0001,456,105.733,0,13,45
RESULT,scale_free,32,256,10000,0.0001,456,148.744,0.49254,20,45
RESULT,small_world,32,256,10000,0.0001,456,191.117,0.793435,28,45
RESULT,random,32,256,10000,0.0001,456,135.74,0.451812,23,45
RESULT,not_converged,17,45

RESULT,classic,32,256,10000,0.0001,456,105.592,0,13,45
RESULT,scale_free,32,256,10000,0.0001,456,149.471,0.5042,20,45
RESULT,small_world,32,256,10000,0.0001,456,189.478,0.609808,28,45
RESULT,random,32,256,10000,0.0001,456,136.93,0.453696,23,45
RESULT,not_converged,17,45

RESULT,classic,32,256,10000,0.0001,456,105.653,0,13,45
RESULT,scale_free,32,256,10000,0.0001,456,159.216,0.571157,20,45
RESULT,small_world,32,256,10000,0.0001,456,181.277,0.589367,28,45
RESULT,random,32,256,10000,0.0001,456,135.745,0.451655,23,45
RESULT,not_converged,17,45

RESULT,classic,32,256,10000,0.0001,456,105.506,0,13,45
RESULT,scale_free,32,256,10000,0.0001,456,149.482,0.505743,20,45
RESULT,small_world,32,256,10000,0.0001,456,190.684,0.623473,28,45
RESULT,random,32,256,10000,0.0001,456,136.289,0.46154,23,45
RESULT,not_converged,17,45

RESULT,classic,32,256,10000,0.0001,456,105.324,0,13,45
RESULT,scale_free,32,256,10000,0.0001,456,149.266,0.498723,20,45
RESULT,small_world,32,256,10000,0.0001,456,192.616,0.822883,28,45
RESULT,random,32,256,10000,0.0001,456,135.683,0.455711,23,45
RESULT,not_converged,17,45

RESULT,classic,32,256,10000,0.0001,456,104.905,0,13,45
RESULT,scale_free,32,256,10000,0.0001,456,148.373,0.504023,20,45
RESULT,small_world,32,256,10000,0.0001,456,195.097,0.767212,28,45
RESULT,random,32,256,10000,0.0001,456,135.488,0.448587,23,45
RESULT,not_converged,17,45

RESULT,classic,32,256,10000,0.0001,456,104.887,0,13,45
RESULT,scale_free,32,256,10000,0.0001,456,165.451,0.563046,20,45
RESULT,small_world,32,256,10000,0.0001,456,178.259,0.692497,28,45
RESULT,random,32,256,10000,0.0001,456,135.461,0.460269,23,45
RESULT,not_converged,17,45

RESULT,classic,32,256,10000,0.0001,456,105.346,0,13,45
RESULT,scale_free,32,256,10000,0.0001,456,148.909,0.509905,20,45
RESULT,small_world,32,256,10000,0.0001,456,183.71,0.592689,28,45
RESULT,random,32,256,10000,0.0001,456,146.992,0.462755,23,45
RESULT,not_converged,17,45

RESULT,classic,32,256,10000,0.0001,456,104.278,0,13,45
RESULT,scale_free,32,256,10000,0.0001,456,148.122,0.49746,20,45
RESULT,small_world,32,256,10000,0.0001,456,197.723,0.753869,28,45
RESULT,random,32,256,10000,0.0001,456,135.737,0.44962,23,45
RESULT,not_converged,17,45

RESULT,classic,32,256,10000,0.0001,456,104.128,0,13,45
RESULT,scale_free,32,256,10000,0.0001,456,151.728,0.523781,20,45
RESULT,small_world,32,256,10000,0.0001,456,194.185,0.630805,28,45
RESULT,random,32,256,10000,0.0001,456,135.932,0.468624,23,45
RESULT,not_converged,17,45

RESULT,classic,32,256,10000,0.0001,456,103.27,0,13,45
RESULT,scale_free,32,256,10000,0.0001,456,148.638,0.516553,20,45
RESULT,small_world,32,256,10000,0.0001,456,201.237,0.863467,28,45
RESULT,random,32,256,10000,0.0001,456,135.952,0.457491,23,45
RESULT,not_converged,17,45

RESULT,classic,32,256,10000,0.0001,456,102.631,0,13,45
RESULT,scale_free,32,256,10000,0.0001,456,167.261,0.528088,20,45
RESULT,small_world,32,256,10000,0.0001,456,184.505,0.613473,28,45
RESULT,random,32,256,10000,0.0001,456,135.813,0.457741,23,45
RESULT,not_converged,17,45

RESULT,classic,32,256,10000,0.0001,456,101.945,0,13,45
RESULT,scale_free,32,256,10000,0.0001,456,167.374,0.544976,20,45
RESULT,small_world,32,256,10000,0.0001,456,186.734,0.69969,28,45
RESULT,random,32,256,10000,0.0001,456,136.073,0.44992,23,45
RESULT,not_converged,17,45

RESULT,classic,32,256,10000,0.0001,456,101.005,0,13,45
RESULT,scale_free,32,256,10000,0.0001,456,152.731,0.514104,20,45
RESULT,small_world,32,256,10000,0.0001,456,203.709,0.76684,28,45
RESULT,random,32,256,10000,0.0001,456,137.658,0.449169,23,45
RESULT,not_converged,17,45

RESULT,classic,32,256,10000,0.0001,456,100.301,0,13,45
RESULT,scale_free,32,256,10000,0.0001,456,148.917,0.508277,20,45
RESULT,small_world,32,256,10000,0.0001,456,211.76,0.756159,28,45
RESULT,random,32,256,10000,0.0001,456,136.073,0.453645,23,45
RESULT,not_converged,17,45

RESULT,classic,32,256,10000,0.0001,456,92.3983,0,13,45
RESULT,scale_free,32,256,10000,0.0001,456,193.159,0.887596,20,45
RESULT,small_world,32,256,10000,0.0001,456,196.079,0.745291,28,45
RESULT,random,32,256,10000,0.0001,456,135.999,0.452888,23,45
RESULT,not_converged,17,45

RESULT,classic,32,256,10000,0.0001,456,97.054,0,13,45
RESULT,scale_free,32,256,10000,0.0001,456,178.285,0.638366,20,45
RESULT,small_world,32,256,10000,0.0001,456,207.143,0.805951,28,45
RESULT,random,32,256,10000,0.0001,456,135.826,0.455893,23,45
RESULT,not_converged,17,45

RESULT,classic,32,256,10000,0.0001,456,193.191,0,13,45
RESULT,scale_free,32,256,10000,0.0001,456,294.153,0.734997,20,45
RESULT,small_world,32,256,10000,0.0001,456,255.741,0.610147,28,45
RESULT,random,32,256,10000,0.0001,456,247.636,0.605918,23,45
RESULT,not_converged,17,45


========================================================
>>> RUN PER SEED 789
========================================================
--------------------------------------------------------
=> ESECUZIONE COMANDO: ./topology_serial 32 256 10000 0.0001 789
RESULT,classic,32,256,10000,0.0001,789,77.6077,0,15,45
RESULT,scale_free,32,256,10000,0.0001,789,111.066,0,26,45
RESULT,small_world,32,256,10000,0.0001,789,117.783,0,28,45
RESULT,random,32,256,10000,0.0001,789,103.371,0,21,45
RESULT,not_converged,16,45


--------------------------------------------------------
=> ESECUZIONE COMANDO: mpirun -np 1 ./topology_parallel 32 256 10000 0.0001 789
RESULT,classic,32,256,10000,0.0001,789,188.102,0,15,45
RESULT,scale_free,32,256,10000,0.0001,789,261.253,0.673079,26,45
RESULT,small_world,32,256,10000,0.0001,789,308.283,0.783351,28,45
RESULT,random,32,256,10000,0.0001,789,218.1,0.623194,21,45
RESULT,not_converged,16,45


--------------------------------------------------------
=> ESECUZIONE COMANDO: mpirun -np 2 ./topology_parallel 32 256 10000 0.0001 789
RESULT,classic,32,256,10000,0.0001,789,150.575,0,15,45
RESULT,scale_free,32,256,10000,0.0001,789,221.821,0.650699,26,45
RESULT,small_world,32,256,10000,0.0001,789,248.036,0.607727,28,45
RESULT,random,32,256,10000,0.0001,789,170.334,0.443628,21,45
RESULT,not_converged,16,45

RESULT,classic,32,256,10000,0.0001,789,147.388,0,15,45
RESULT,scale_free,32,256,10000,0.0001,789,217.164,0.618299,26,45
RESULT,small_world,32,256,10000,0.0001,789,269.526,0.743381,28,45
RESULT,random,32,256,10000,0.0001,789,173.305,0.454868,21,45
RESULT,not_converged,16,45


--------------------------------------------------------
=> ESECUZIONE COMANDO: mpirun -np 4 ./topology_parallel 32 256 10000 0.0001 789
RESULT,classic,32,256,10000,0.0001,789,77.1902,0,15,45
RESULT,scale_free,32,256,10000,0.0001,789,117.25,0.37552,26,45
RESULT,small_world,32,256,10000,0.0001,789,213.506,0.570287,28,45
RESULT,random,32,256,10000,0.0001,789,101.649,0.354794,21,45
RESULT,not_converged,16,45

RESULT,classic,32,256,10000,0.0001,789,77.057,0,15,45
RESULT,scale_free,32,256,10000,0.0001,789,115.532,0.372319,26,45
RESULT,small_world,32,256,10000,0.0001,789,219.144,0.589925,28,45
RESULT,random,32,256,10000,0.0001,789,102.353,0.36244,21,45
RESULT,not_converged,16,45

RESULT,classic,32,256,10000,0.0001,789,83.4265,0,15,45
RESULT,scale_free,32,256,10000,0.0001,789,116.997,0.373285,26,45
RESULT,small_world,32,256,10000,0.0001,789,213.53,0.579744,28,45
RESULT,random,32,256,10000,0.0001,789,101.393,0.362161,21,45
RESULT,not_converged,16,45

RESULT,classic,32,256,10000,0.0001,789,126.797,0,15,45
RESULT,scale_free,32,256,10000,0.0001,789,116.178,0.389151,26,45
RESULT,small_world,32,256,10000,0.0001,789,224.126,0.593365,28,45
RESULT,random,32,256,10000,0.0001,789,165.937,0.444169,21,45
RESULT,not_converged,16,45


--------------------------------------------------------
=> ESECUZIONE COMANDO: mpirun -np 8 ./topology_parallel 32 256 10000 0.0001 789
RESULT,classic,32,256,10000,0.0001,789,131.098,0,15,45
RESULT,scale_free,32,256,10000,0.0001,789,106.273,0.356575,26,45
RESULT,small_world,32,256,10000,0.0001,789,114.24,0.387715,28,45
RESULT,random,32,256,10000,0.0001,789,141.422,0.396933,21,45
RESULT,not_converged,16,45

RESULT,classic,32,256,10000,0.0001,789,130.914,0,15,45
RESULT,scale_free,32,256,10000,0.0001,789,106.507,0.360538,26,45
RESULT,small_world,32,256,10000,0.0001,789,114.585,0.384189,28,45
RESULT,random,32,256,10000,0.0001,789,142.018,0.397856,21,45
RESULT,not_converged,16,45

RESULT,classic,32,256,10000,0.0001,789,131.079,0,15,45
RESULT,scale_free,32,256,10000,0.0001,789,106.321,0.360204,26,45
RESULT,small_world,32,256,10000,0.0001,789,114.924,0.386144,28,45
RESULT,random,32,256,10000,0.0001,789,142.396,0.403369,21,45
RESULT,not_converged,16,45

RESULT,classic,32,256,10000,0.0001,789,131.615,0,15,45
RESULT,scale_free,32,256,10000,0.0001,789,107.774,0.362764,26,45
RESULT,small_world,32,256,10000,0.0001,789,115.696,0.384451,28,45
RESULT,random,32,256,10000,0.0001,789,145.998,0.398574,21,45
RESULT,not_converged,16,45

RESULT,classic,32,256,10000,0.0001,789,138.051,0,15,45
RESULT,scale_free,32,256,10000,0.0001,789,171.74,0.427979,26,45
RESULT,small_world,32,256,10000,0.0001,789,138.908,0.414055,28,45
RESULT,random,32,256,10000,0.0001,789,167.426,0.42272,21,45
RESULT,not_converged,16,45

RESULT,classic,32,256,10000,0.0001,789,138.17,0,15,45
RESULT,scale_free,32,256,10000,0.0001,789,171.427,0.422932,26,45
RESULT,small_world,32,256,10000,0.0001,789,139.035,0.417631,28,45
RESULT,random,32,256,10000,0.0001,789,168.077,0.422336,21,45
RESULT,not_converged,16,45

RESULT,classic,32,256,10000,0.0001,789,135.207,0,15,45
RESULT,scale_free,32,256,10000,0.0001,789,172.491,0.432052,26,45
RESULT,small_world,32,256,10000,0.0001,789,158.354,0.468008,28,45
RESULT,random,32,256,10000,0.0001,789,171.364,0.427566,21,45
RESULT,not_converged,16,45

RESULT,classic,32,256,10000,0.0001,789,137.13,0,15,45
RESULT,scale_free,32,256,10000,0.0001,789,172.191,0.426071,26,45
RESULT,small_world,32,256,10000,0.0001,789,184.45,0.468895,28,45
RESULT,random,32,256,10000,0.0001,789,175.027,0.443776,21,45
RESULT,not_converged,16,45


--------------------------------------------------------
=> ESECUZIONE COMANDO: mpirun -np 16 ./topology_parallel 32 256 10000 0.0001 789
RESULT,classic,32,256,10000,0.0001,789,86.4266,0,15,45
RESULT,scale_free,32,256,10000,0.0001,789,119.434,0.416505,26,45
RESULT,small_world,32,256,10000,0.0001,789,228.178,0.572961,28,45
RESULT,random,32,256,10000,0.0001,789,114.113,0.399844,21,45
RESULT,not_converged,16,45

RESULT,classic,32,256,10000,0.0001,789,86.4916,0,15,45
RESULT,scale_free,32,256,10000,0.0001,789,119.638,0.415654,26,45
RESULT,small_world,32,256,10000,0.0001,789,228.204,0.587063,28,45
RESULT,random,32,256,10000,0.0001,789,114.104,0.403339,21,45
RESULT,not_converged,16,45

RESULT,classic,32,256,10000,0.0001,789,86.6041,0,15,45
RESULT,scale_free,32,256,10000,0.0001,789,119.778,0.415067,26,45
RESULT,small_world,32,256,10000,0.0001,789,228.171,0.598869,28,45
RESULT,random,32,256,10000,0.0001,789,114.105,0.397122,21,45
RESULT,not_converged,16,45

RESULT,classic,32,256,10000,0.0001,789,86.3659,0,15,45
RESULT,scale_free,32,256,10000,0.0001,789,119.687,0.412616,26,45
RESULT,small_world,32,256,10000,0.0001,789,228.502,0.569743,28,45
RESULT,random,32,256,10000,0.0001,789,114.136,0.391356,21,45
RESULT,not_converged,16,45

RESULT,classic,32,256,10000,0.0001,789,86.6759,0,15,45
RESULT,scale_free,32,256,10000,0.0001,789,119.592,0.414378,26,45
RESULT,small_world,32,256,10000,0.0001,789,228.216,0.588412,28,45
RESULT,random,32,256,10000,0.0001,789,114.27,0.396442,21,45
RESULT,not_converged,16,45

RESULT,classic,32,256,10000,0.0001,789,86.4646,0,15,45
RESULT,scale_free,32,256,10000,0.0001,789,119.786,0.413958,26,45
RESULT,small_world,32,256,10000,0.0001,789,228.602,0.563537,28,45
RESULT,random,32,256,10000,0.0001,789,114.087,0.39549,21,45
RESULT,not_converged,16,45

RESULT,classic,32,256,10000,0.0001,789,86.481,0,15,45
RESULT,scale_free,32,256,10000,0.0001,789,119.913,0.413332,26,45
RESULT,small_world,32,256,10000,0.0001,789,228.432,0.583939,28,45
RESULT,random,32,256,10000,0.0001,789,114.181,0.39427,21,45
RESULT,not_converged,16,45

RESULT,classic,32,256,10000,0.0001,789,86.5207,0,15,45
RESULT,scale_free,32,256,10000,0.0001,789,120.27,0.412304,26,45
RESULT,small_world,32,256,10000,0.0001,789,228.937,0.590654,28,45
RESULT,random,32,256,10000,0.0001,789,113.864,0.392126,21,45
RESULT,not_converged,16,45

RESULT,classic,32,256,10000,0.0001,789,87.0824,0,15,45
RESULT,scale_free,32,256,10000,0.0001,789,119.567,0.412977,26,45
RESULT,small_world,32,256,10000,0.0001,789,229.548,0.569319,28,45
RESULT,random,32,256,10000,0.0001,789,114.06,0.390107,21,45
RESULT,not_converged,16,45

RESULT,classic,32,256,10000,0.0001,789,86.3023,0,15,45
RESULT,scale_free,32,256,10000,0.0001,789,120.818,0.408088,26,45
RESULT,small_world,32,256,10000,0.0001,789,229.219,0.578202,28,45
RESULT,random,32,256,10000,0.0001,789,115.128,0.393578,21,45
RESULT,not_converged,16,45

RESULT,classic,32,256,10000,0.0001,789,86.258,0,15,45
RESULT,scale_free,32,256,10000,0.0001,789,121.323,0.414825,26,45
RESULT,small_world,32,256,10000,0.0001,789,229.059,0.568285,28,45
RESULT,random,32,256,10000,0.0001,789,115.283,0.395254,21,45
RESULT,not_converged,16,45

RESULT,classic,32,256,10000,0.0001,789,86.8131,0,15,45
RESULT,scale_free,32,256,10000,0.0001,789,119.502,0.411663,26,45
RESULT,small_world,32,256,10000,0.0001,789,232.265,0.571733,28,45
RESULT,random,32,256,10000,0.0001,789,114.142,0.395111,21,45
RESULT,not_converged,16,45

RESULT,classic,32,256,10000,0.0001,789,86.2664,0,15,45
RESULT,scale_free,32,256,10000,0.0001,789,119.883,0.413315,26,45
RESULT,small_world,32,256,10000,0.0001,789,232.884,0.568947,28,45
RESULT,random,32,256,10000,0.0001,789,114.03,0.397743,21,45
RESULT,not_converged,16,45

RESULT,classic,32,256,10000,0.0001,789,85.8967,0,15,45
RESULT,scale_free,32,256,10000,0.0001,789,120.365,0.415419,26,45
RESULT,small_world,32,256,10000,0.0001,789,233.397,0.576453,28,45
RESULT,random,32,256,10000,0.0001,789,114.241,0.396573,21,45
RESULT,not_converged,16,45

RESULT,classic,32,256,10000,0.0001,789,102.011,0,15,45
RESULT,scale_free,32,256,10000,0.0001,789,119.833,0.410609,26,45
RESULT,small_world,32,256,10000,0.0001,789,228.385,0.579906,28,45
RESULT,random,32,256,10000,0.0001,789,114.618,0.398524,21,45
RESULT,not_converged,16,45

RESULT,classic,32,256,10000,0.0001,789,126.437,0,15,45
RESULT,scale_free,32,256,10000,0.0001,789,143.181,0.436237,26,45
RESULT,small_world,32,256,10000,0.0001,789,232.785,0.585118,28,45
RESULT,random,32,256,10000,0.0001,789,181.992,0.48748,21,45
RESULT,not_converged,16,45


--------------------------------------------------------
=> ESECUZIONE COMANDO: mpirun -np 28 ./topology_parallel 32 256 10000 0.0001 789
RESULT,classic,32,256,10000,0.0001,789,108.366,0,15,45
RESULT,scale_free,32,256,10000,0.0001,789,148.416,0.512427,26,45
RESULT,small_world,32,256,10000,0.0001,789,160.247,0.544516,28,45
RESULT,random,32,256,10000,0.0001,789,142.232,0.508041,21,45
RESULT,not_converged,16,45

RESULT,classic,32,256,10000,0.0001,789,108.23,0,15,45
RESULT,scale_free,32,256,10000,0.0001,789,148.471,0.509638,26,45
RESULT,small_world,32,256,10000,0.0001,789,160.5,0.543935,28,45
RESULT,random,32,256,10000,0.0001,789,142.184,0.496013,21,45
RESULT,not_converged,16,45

RESULT,classic,32,256,10000,0.0001,789,108.462,0,15,45
RESULT,scale_free,32,256,10000,0.0001,789,148.451,0.512207,26,45
RESULT,small_world,32,256,10000,0.0001,789,160.41,0.546165,28,45
RESULT,random,32,256,10000,0.0001,789,142.222,0.495064,21,45
RESULT,not_converged,16,45

RESULT,classic,32,256,10000,0.0001,789,108.421,0,15,45
RESULT,scale_free,32,256,10000,0.0001,789,148.847,0.528986,26,45
RESULT,small_world,32,256,10000,0.0001,789,160.175,0.556575,28,45
RESULT,random,32,256,10000,0.0001,789,142.552,0.493255,21,45
RESULT,not_converged,16,45

RESULT,classic,32,256,10000,0.0001,789,108.978,0,15,45
RESULT,scale_free,32,256,10000,0.0001,789,148.835,0.516918,26,45
RESULT,small_world,32,256,10000,0.0001,789,160.112,0.562824,28,45
RESULT,random,32,256,10000,0.0001,789,142.173,0.496216,21,45
RESULT,not_converged,16,45

RESULT,classic,32,256,10000,0.0001,789,108.222,0,15,45
RESULT,scale_free,32,256,10000,0.0001,789,148.511,0.515824,26,45
RESULT,small_world,32,256,10000,0.0001,789,161.222,0.556784,28,45
RESULT,random,32,256,10000,0.0001,789,142.181,0.490424,21,45
RESULT,not_converged,16,45

RESULT,classic,32,256,10000,0.0001,789,108.32,0,15,45
RESULT,scale_free,32,256,10000,0.0001,789,148.699,0.518211,26,45
RESULT,small_world,32,256,10000,0.0001,789,160.991,0.54539,28,45
RESULT,random,32,256,10000,0.0001,789,142.6,0.496755,21,45
RESULT,not_converged,16,45

RESULT,classic,32,256,10000,0.0001,789,108.002,0,15,45
RESULT,scale_free,32,256,10000,0.0001,789,148.801,0.511029,26,45
RESULT,small_world,32,256,10000,0.0001,789,162.749,0.545194,28,45
RESULT,random,32,256,10000,0.0001,789,142.183,0.497048,21,45
RESULT,not_converged,16,45

RESULT,classic,32,256,10000,0.0001,789,108.207,0,15,45
RESULT,scale_free,32,256,10000,0.0001,789,148.836,0.514722,26,45
RESULT,small_world,32,256,10000,0.0001,789,162.944,0.58793,28,45
RESULT,random,32,256,10000,0.0001,789,142.376,0.506528,21,45
RESULT,not_converged,16,45

RESULT,classic,32,256,10000,0.0001,789,108.03,0,15,45
RESULT,scale_free,32,256,10000,0.0001,789,149.753,0.508188,26,45
RESULT,small_world,32,256,10000,0.0001,789,161.693,0.551904,28,45
RESULT,random,32,256,10000,0.0001,789,143.45,0.492032,21,45
RESULT,not_converged,16,45

RESULT,classic,32,256,10000,0.0001,789,107.965,0,15,45
RESULT,scale_free,32,256,10000,0.0001,789,151.709,0.5205,26,45
RESULT,small_world,32,256,10000,0.0001,789,160.947,0.564446,28,45
RESULT,random,32,256,10000,0.0001,789,142.674,0.502223,21,45
RESULT,not_converged,16,45

RESULT,classic,32,256,10000,0.0001,789,114.855,0,15,45
RESULT,scale_free,32,256,10000,0.0001,789,148.327,0.519771,26,45
RESULT,small_world,32,256,10000,0.0001,789,160.075,0.546952,28,45
RESULT,random,32,256,10000,0.0001,789,142.017,0.491411,21,45
RESULT,not_converged,16,45

RESULT,classic,32,256,10000,0.0001,789,114.956,0,15,45
RESULT,scale_free,32,256,10000,0.0001,789,148.231,0.519941,26,45
RESULT,small_world,32,256,10000,0.0001,789,160.153,0.551274,28,45
RESULT,random,32,256,10000,0.0001,789,142.187,0.499357,21,45
RESULT,not_converged,16,45

RESULT,classic,32,256,10000,0.0001,789,114.867,0,15,45
RESULT,scale_free,32,256,10000,0.0001,789,148.391,0.510821,26,45
RESULT,small_world,32,256,10000,0.0001,789,160.087,0.546803,28,45
RESULT,random,32,256,10000,0.0001,789,142.31,0.49098,21,45
RESULT,not_converged,16,45

RESULT,classic,32,256,10000,0.0001,789,114.856,0,15,45
RESULT,scale_free,32,256,10000,0.0001,789,148.454,0.518161,26,45
RESULT,small_world,32,256,10000,0.0001,789,160.111,0.545626,28,45
RESULT,random,32,256,10000,0.0001,789,142.276,0.492079,21,45
RESULT,not_converged,16,45

RESULT,classic,32,256,10000,0.0001,789,115.185,0,15,45
RESULT,scale_free,32,256,10000,0.0001,789,148.56,0.519044,26,45
RESULT,small_world,32,256,10000,0.0001,789,159.914,0.560154,28,45
RESULT,random,32,256,10000,0.0001,789,142.138,0.507912,21,45
RESULT,not_converged,16,45

RESULT,classic,32,256,10000,0.0001,789,115.236,0,15,45
RESULT,scale_free,32,256,10000,0.0001,789,148.733,0.532991,26,45
RESULT,small_world,32,256,10000,0.0001,789,160.299,0.545044,28,45
RESULT,random,32,256,10000,0.0001,789,142.251,0.498599,21,45
RESULT,not_converged,16,45

RESULT,classic,32,256,10000,0.0001,789,115.534,0,15,45
RESULT,scale_free,32,256,10000,0.0001,789,148.706,0.526639,26,45
RESULT,small_world,32,256,10000,0.0001,789,160.084,0.545327,28,45
RESULT,random,32,256,10000,0.0001,789,142.445,0.491603,21,45
RESULT,not_converged,16,45

RESULT,classic,32,256,10000,0.0001,789,106.788,0,15,45
RESULT,scale_free,32,256,10000,0.0001,789,148.664,0.508778,26,45
RESULT,small_world,32,256,10000,0.0001,789,172.954,0.556037,28,45
RESULT,random,32,256,10000,0.0001,789,142.356,0.48897,21,45
RESULT,not_converged,16,45

RESULT,classic,32,256,10000,0.0001,789,116.774,0,15,45
RESULT,scale_free,32,256,10000,0.0001,789,148.504,0.512766,26,45
RESULT,small_world,32,256,10000,0.0001,789,164.279,0.568014,28,45
RESULT,random,32,256,10000,0.0001,789,142.257,0.496812,21,45
RESULT,not_converged,16,45

