
--------------------------------------------------------
=> ESECUZIONE COMANDO: mpirun -np 1 ./topology_parallel 64 32 10000 0.0001 123
RESULT,classic,64,32,10000,0.0001,123,35.177,0,3,45
RESULT,scale_free,64,32,10000,0.0001,123,48.6941,0.132157,6,45
RESULT,small_world,64,32,10000,0.0001,123,64.0612,0.153764,10,45
RESULT,random,64,32,10000,0.0001,123,79.0315,0.172648,9,45
RESULT,not_converged,33,45


--------------------------------------------------------
=> ESECUZIONE COMANDO: mpirun -np 2 ./topology_parallel 64 64 10000 0.0001 123
RESULT,classic,64,64,10000,0.0001,123,42.9089,0,4,45
RESULT,scale_free,64,64,10000,0.0001,123,60.3376,0.203732,13,45
RESULT,small_world,64,64,10000,0.0001,123,71.6531,0.236947,18,45
RESULT,random,64,64,10000,0.0001,123,61.8028,0.201803,10,45
RESULT,not_converged,27,45

RESULT,classic,64,64,10000,0.0001,123,42.9231,0,4,45
RESULT,scale_free,64,64,10000,0.0001,123,60.6358,0.203274,13,45
RESULT,small_world,64,64,10000,0.0001,123,71.3138,0.234132,18,45
RESULT,random,64,64,10000,0.0001,123,61.8676,0.200735,10,45
RESULT,not_converged,27,45


--------------------------------------------------------
=> ESECUZIONE COMANDO: mpirun -np 4 ./topology_parallel 64 128 10000 0.0001 123
RESULT,classic,64,128,10000,0.0001,123,92.0912,0,5,45
RESULT,scale_free,64,128,10000,0.0001,123,127.951,0.414331,12,45
RESULT,small_world,64,128,10000,0.0001,123,148.059,0.4831,19,45
RESULT,random,64,128,10000,0.0001,123,119.177,0.378429,11,45
RESULT,not_converged,25,45

RESULT,classic,64,128,10000,0.0001,123,91.7004,0,5,45
RESULT,scale_free,64,128,10000,0.0001,123,128.248,0.418229,12,45
RESULT,small_world,64,128,10000,0.0001,123,148.506,0.488524,19,45
RESULT,random,64,128,10000,0.0001,123,119.62,0.391125,11,45
RESULT,not_converged,25,45

RESULT,classic,64,128,10000,0.0001,123,91.5433,0,5,45
RESULT,scale_free,64,128,10000,0.0001,123,128.365,0.422805,12,45
RESULT,small_world,64,128,10000,0.0001,123,149.072,0.493514,19,45
RESULT,random,64,128,10000,0.0001,123,119.255,0.386172,11,45
RESULT,not_converged,25,45

RESULT,classic,64,128,10000,0.0001,123,91.922,0,5,45
RESULT,scale_free,64,128,10000,0.0001,123,128.85,0.41905,12,45
RESULT,small_world,64,128,10000,0.0001,123,149.172,0.489854,19,45
RESULT,random,64,128,10000,0.0001,123,120.325,0.393448,11,45
RESULT,not_converged,25,45


--------------------------------------------------------
=> ESECUZIONE COMANDO: mpirun -np 8 ./topology_parallel 64 256 10000 0.0001 123
RESULT,classic,64,256,10000,0.0001,123,177.864,0,5,45
RESULT,scale_free,64,256,10000,0.0001,123,252.238,0.827248,14,45
RESULT,small_world,64,256,10000,0.0001,123,297.126,0.997583,22,45
RESULT,random,64,256,10000,0.0001,123,233.873,0.783916,9,45
RESULT,not_converged,22,45

RESULT,classic,64,256,10000,0.0001,123,178.05,0,5,45
RESULT,scale_free,64,256,10000,0.0001,123,251.407,0.798413,14,45
RESULT,small_world,64,256,10000,0.0001,123,297.133,0.973016,22,45
RESULT,random,64,256,10000,0.0001,123,234.854,0.776956,9,45
RESULT,not_converged,22,45

RESULT,classic,64,256,10000,0.0001,123,178.195,0,5,45
RESULT,scale_free,64,256,10000,0.0001,123,251.442,0.829899,14,45
RESULT,small_world,64,256,10000,0.0001,123,297.463,1.00842,22,45
RESULT,random,64,256,10000,0.0001,123,235.157,0.834292,9,45
RESULT,not_converged,22,45

RESULT,classic,64,256,10000,0.0001,123,178.019,0,5,45
RESULT,scale_free,64,256,10000,0.0001,123,252.318,0.816882,14,45
RESULT,small_world,64,256,10000,0.0001,123,297.831,0.965292,22,45
RESULT,random,64,256,10000,0.0001,123,234.185,0.769289,9,45
RESULT,not_converged,22,45

RESULT,classic,64,256,10000,0.0001,123,177.866,0,5,45
RESULT,scale_free,64,256,10000,0.0001,123,251.93,0.872973,14,45
RESULT,small_world,64,256,10000,0.0001,123,297.489,1.01875,22,45
RESULT,random,64,256,10000,0.0001,123,235.074,0.836862,9,45
RESULT,not_converged,22,45

RESULT,classic,64,256,10000,0.0001,123,177.908,0,5,45
RESULT,scale_free,64,256,10000,0.0001,123,252.002,0.820469,14,45
RESULT,small_world,64,256,10000,0.0001,123,297.003,0.979776,22,45
RESULT,random,64,256,10000,0.0001,123,235.744,0.787702,9,45
RESULT,not_converged,22,45

RESULT,classic,64,256,10000,0.0001,123,177.775,0,5,45
RESULT,scale_free,64,256,10000,0.0001,123,253.056,0.806914,14,45
RESULT,small_world,64,256,10000,0.0001,123,298.549,0.965265,22,45
RESULT,random,64,256,10000,0.0001,123,234.191,0.779075,9,45
RESULT,not_converged,22,45

RESULT,classic,64,256,10000,0.0001,123,178.134,0,5,45
RESULT,scale_free,64,256,10000,0.0001,123,253.566,0.871053,14,45
RESULT,small_world,64,256,10000,0.0001,123,299.889,1.00289,22,45
RESULT,random,64,256,10000,0.0001,123,235.278,0.840164,9,45
RESULT,not_converged,22,45


--------------------------------------------------------
=> ESECUZIONE COMANDO: mpirun -np 16 ./topology_parallel 64 512 10000 0.0001 123
RESULT,classic,64,512,10000,0.0001,123,391.737,0,5,45
RESULT,scale_free,64,512,10000,0.0001,123,563.416,2.9386,19,45
RESULT,small_world,64,512,10000,0.0001,123,637.068,3.18746,22,45
RESULT,random,64,512,10000,0.0001,123,515.587,3.02343,12,45
RESULT,not_converged,21,45

RESULT,classic,64,512,10000,0.0001,123,391.597,0,5,45
RESULT,scale_free,64,512,10000,0.0001,123,563.876,2.85911,19,45
RESULT,small_world,64,512,10000,0.0001,123,638.494,3.24762,22,45
RESULT,random,64,512,10000,0.0001,123,517.046,3.08181,12,45
RESULT,not_converged,21,45

RESULT,classic,64,512,10000,0.0001,123,391.449,0,5,45
RESULT,scale_free,64,512,10000,0.0001,123,564.544,3.02684,19,45
RESULT,small_world,64,512,10000,0.0001,123,637.235,3.29294,22,45
RESULT,random,64,512,10000,0.0001,123,518.75,3.26513,12,45
RESULT,not_converged,21,45

RESULT,classic,64,512,10000,0.0001,123,391.44,0,5,45
RESULT,scale_free,64,512,10000,0.0001,123,566.613,3.05578,19,45
RESULT,small_world,64,512,10000,0.0001,123,638.42,3.30071,22,45
RESULT,random,64,512,10000,0.0001,123,518.409,3.04029,12,45
RESULT,not_converged,21,45

RESULT,classic,64,512,10000,0.0001,123,393.204,0,5,45
RESULT,scale_free,64,512,10000,0.0001,123,567.13,2.83832,19,45
RESULT,small_world,64,512,10000,0.0001,123,639.98,3.14489,22,45
RESULT,random,64,512,10000,0.0001,123,518.349,2.97746,12,45
RESULT,not_converged,21,45

RESULT,classic,64,512,10000,0.0001,123,391.649,0,5,45
RESULT,scale_free,64,512,10000,0.0001,123,566.599,2.91719,19,45
RESULT,small_world,64,512,10000,0.0001,123,640.604,3.43262,22,45
RESULT,random,64,512,10000,0.0001,123,520.168,3.18034,12,45
RESULT,not_converged,21,45

RESULT,classic,64,512,10000,0.0001,123,391.414,0,5,45
RESULT,scale_free,64,512,10000,0.0001,123,567.878,3.10579,19,45
RESULT,small_world,64,512,10000,0.0001,123,641.143,3.54766,22,45
RESULT,random,64,512,10000,0.0001,123,519.68,3.18499,12,45
RESULT,not_converged,21,45

RESULT,classic,64,512,10000,0.0001,123,396.222,0,5,45
RESULT,scale_free,64,512,10000,0.0001,123,565.674,3.10856,19,45
RESULT,small_world,64,512,10000,0.0001,123,639.724,3.51591,22,45
RESULT,random,64,512,10000,0.0001,123,518.975,3.18051,12,45
RESULT,not_converged,21,45

RESULT,classic,64,512,10000,0.0001,123,394.179,0,5,45
RESULT,scale_free,64,512,10000,0.0001,123,565.532,2.98827,19,45
RESULT,small_world,64,512,10000,0.0001,123,641.339,3.33591,22,45
RESULT,random,64,512,10000,0.0001,123,520.871,3.24827,12,45
RESULT,not_converged,21,45

RESULT,classic,64,512,10000,0.0001,123,391.546,0,5,45
RESULT,scale_free,64,512,10000,0.0001,123,568.556,3.26876,19,45
RESULT,small_world,64,512,10000,0.0001,123,641.612,3.67038,22,45
RESULT,random,64,512,10000,0.0001,123,520.207,3.37243,12,45
RESULT,not_converged,21,45

RESULT,classic,64,512,10000,0.0001,123,392.059,0,5,45
RESULT,scale_free,64,512,10000,0.0001,123,568.175,3.14977,19,45
RESULT,small_world,64,512,10000,0.0001,123,642.367,3.51962,22,45
RESULT,random,64,512,10000,0.0001,123,520.016,3.22306,12,45
RESULT,not_converged,21,45

RESULT,classic,64,512,10000,0.0001,123,391.198,0,5,45
RESULT,scale_free,64,512,10000,0.0001,123,568.42,3.27416,19,45
RESULT,small_world,64,512,10000,0.0001,123,642.823,3.62636,22,45
RESULT,random,64,512,10000,0.0001,123,520.73,3.30494,12,45
RESULT,not_converged,21,45

RESULT,classic,64,512,10000,0.0001,123,391.468,0,5,45
RESULT,scale_free,64,512,10000,0.0001,123,568.953,3.13119,19,45
RESULT,small_world,64,512,10000,0.0001,123,642.91,3.5992,22,45
RESULT,random,64,512,10000,0.0001,123,520.343,3.18494,12,45
RESULT,not_converged,21,45

RESULT,classic,64,512,10000,0.0001,123,395.123,0,5,45
RESULT,scale_free,64,512,10000,0.0001,123,568.192,3.07826,19,45
RESULT,small_world,64,512,10000,0.0001,123,640.549,3.3543,22,45
RESULT,random,64,512,10000,0.0001,123,520.519,3.21572,12,45
RESULT,not_converged,21,45

RESULT,classic,64,512,10000,0.0001,123,390.503,0,5,45
RESULT,scale_free,64,512,10000,0.0001,123,569.567,3.04526,19,45
RESULT,small_world,64,512,10000,0.0001,123,646.122,3.56197,22,45
RESULT,random,64,512,10000,0.0001,123,523.392,3.35651,12,45
RESULT,not_converged,21,45

RESULT,classic,64,512,10000,0.0001,123,389.952,0,5,45
RESULT,scale_free,64,512,10000,0.0001,123,574.816,2.98968,19,45
RESULT,small_world,64,512,10000,0.0001,123,647.663,3.29824,22,45
RESULT,random,64,512,10000,0.0001,123,524.932,3.24429,12,45
RESULT,not_converged,21,45


--------------------------------------------------------
=> ESECUZIONE COMANDO: mpirun -np 28 ./topology_parallel 64 896 10000 0.0001 123
RESULT,classic,64,896,10000,0.0001,123,859.893,0,5,45
RESULT,scale_free,64,896,10000,0.0001,123,1231.3,11.521,20,45
RESULT,small_world,64,896,10000,0.0001,123,1352.11,12.9878,22,45
RESULT,random,64,896,10000,0.0001,123,1125.87,12.0201,11,45
RESULT,not_converged,20,45

RESULT,classic,64,896,10000,0.0001,123,861.265,0,5,45
RESULT,scale_free,64,896,10000,0.0001,123,1231.18,11.4358,20,45
RESULT,small_world,64,896,10000,0.0001,123,1351.97,12.876,22,45
RESULT,random,64,896,10000,0.0001,123,1125.53,12.3271,11,45
RESULT,not_converged,20,45

RESULT,classic,64,896,10000,0.0001,123,862.498,0,5,45
RESULT,scale_free,64,896,10000,0.0001,123,1231.38,11.6536,20,45
RESULT,small_world,64,896,10000,0.0001,123,1351.19,13.0614,22,45
RESULT,random,64,896,10000,0.0001,123,1125.22,12.3579,11,45
RESULT,not_converged,20,45

RESULT,classic,64,896,10000,0.0001,123,861.043,0,5,45
RESULT,scale_free,64,896,10000,0.0001,123,1232.51,11.8088,20,45
RESULT,small_world,64,896,10000,0.0001,123,1351.34,13.2222,22,45
RESULT,random,64,896,10000,0.0001,123,1125.98,12.6149,11,45
RESULT,not_converged,20,45

RESULT,classic,64,896,10000,0.0001,123,861.608,0,5,45
RESULT,scale_free,64,896,10000,0.0001,123,1230.87,11.8031,20,45
RESULT,small_world,64,896,10000,0.0001,123,1351.19,13.1567,22,45
RESULT,random,64,896,10000,0.0001,123,1127.49,12.7229,11,45
RESULT,not_converged,20,45

RESULT,classic,64,896,10000,0.0001,123,860.658,0,5,45
RESULT,scale_free,64,896,10000,0.0001,123,1232.63,11.5578,20,45
RESULT,small_world,64,896,10000,0.0001,123,1352.08,12.9495,22,45
RESULT,random,64,896,10000,0.0001,123,1125.9,12.3661,11,45
RESULT,not_converged,20,45

RESULT,classic,64,896,10000,0.0001,123,862.08,0,5,45
RESULT,scale_free,64,896,10000,0.0001,123,1231.98,11.5594,20,45
RESULT,small_world,64,896,10000,0.0001,123,1351.69,13.1188,22,45
RESULT,random,64,896,10000,0.0001,123,1126.36,12.3095,11,45
RESULT,not_converged,20,45

RESULT,classic,64,896,10000,0.0001,123,860.805,0,5,45
RESULT,scale_free,64,896,10000,0.0001,123,1232.16,11.4235,20,45
RESULT,small_world,64,896,10000,0.0001,123,1353.17,12.8549,22,45
RESULT,random,64,896,10000,0.0001,123,1126.31,12.2259,11,45
RESULT,not_converged,20,45

RESULT,classic,64,896,10000,0.0001,123,864.886,0,5,45
RESULT,scale_free,64,896,10000,0.0001,123,1231.03,11.4847,20,45
RESULT,small_world,64,896,10000,0.0001,123,1351.7,12.9598,22,45
RESULT,random,64,896,10000,0.0001,123,1125.1,12.3479,11,45
RESULT,not_converged,20,45

RESULT,classic,64,896,10000,0.0001,123,862.707,0,5,45
RESULT,scale_free,64,896,10000,0.0001,123,1233.13,11.7817,20,45
RESULT,small_world,64,896,10000,0.0001,123,1351.08,13.1065,22,45
RESULT,random,64,896,10000,0.0001,123,1125.97,12.5286,11,45
RESULT,not_converged,20,45

RESULT,classic,64,896,10000,0.0001,123,861.12,0,5,45
RESULT,scale_free,64,896,10000,0.0001,123,1232.86,11.8257,20,45
RESULT,small_world,64,896,10000,0.0001,123,1352.21,13.2757,22,45
RESULT,random,64,896,10000,0.0001,123,1127.03,12.7813,11,45
RESULT,not_converged,20,45

RESULT,classic,64,896,10000,0.0001,123,860.917,0,5,45
RESULT,scale_free,64,896,10000,0.0001,123,1233.71,11.4159,20,45
RESULT,small_world,64,896,10000,0.0001,123,1353.45,12.8404,22,45
RESULT,random,64,896,10000,0.0001,123,1127.03,12.146,11,45
RESULT,not_converged,20,45

RESULT,classic,64,896,10000,0.0001,123,861.308,0,5,45
RESULT,scale_free,64,896,10000,0.0001,123,1233.52,11.6658,20,45
RESULT,small_world,64,896,10000,0.0001,123,1351.98,12.9142,22,45
RESULT,random,64,896,10000,0.0001,123,1128.6,12.4568,11,45
RESULT,not_converged,20,45

RESULT,classic,64,896,10000,0.0001,123,861.117,0,5,45
RESULT,scale_free,64,896,10000,0.0001,123,1234,11.6336,20,45
RESULT,small_world,64,896,10000,0.0001,123,1353.02,13.1068,22,45
RESULT,random,64,896,10000,0.0001,123,1127.29,12.4573,11,45
RESULT,not_converged,20,45

RESULT,classic,64,896,10000,0.0001,123,861.924,0,5,45
RESULT,scale_free,64,896,10000,0.0001,123,1235.05,11.5572,20,45
RESULT,small_world,64,896,10000,0.0001,123,1352.12,12.9963,22,45
RESULT,random,64,896,10000,0.0001,123,1126.64,12.2414,11,45
RESULT,not_converged,20,45

RESULT,classic,64,896,10000,0.0001,123,860.576,0,5,45
RESULT,scale_free,64,896,10000,0.0001,123,1234.12,11.6308,20,45
RESULT,small_world,64,896,10000,0.0001,123,1354.31,13.038,22,45
RESULT,random,64,896,10000,0.0001,123,1126.97,12.5308,11,45
RESULT,not_converged,20,45

RESULT,classic,64,896,10000,0.0001,123,861.37,0,5,45
RESULT,scale_free,64,896,10000,0.0001,123,1233.87,11.7075,20,45
RESULT,small_world,64,896,10000,0.0001,123,1352.83,13.0496,22,45
RESULT,random,64,896,10000,0.0001,123,1128.15,12.7305,11,45
RESULT,not_converged,20,45

RESULT,classic,64,896,10000,0.0001,123,862.729,0,5,45
RESULT,scale_free,64,896,10000,0.0001,123,1233.23,11.3991,20,45
RESULT,small_world,64,896,10000,0.0001,123,1354.19,12.879,22,45
RESULT,random,64,896,10000,0.0001,123,1126.75,12.1047,11,45
RESULT,not_converged,20,45

RESULT,classic,64,896,10000,0.0001,123,860.39,0,5,45
RESULT,scale_free,64,896,10000,0.0001,123,1235.19,11.7188,20,45
RESULT,small_world,64,896,10000,0.0001,123,1353.13,13.1314,22,45
RESULT,random,64,896,10000,0.0001,123,1128.85,12.5031,11,45
RESULT,not_converged,20,45

RESULT,classic,64,896,10000,0.0001,123,861.951,0,5,45
RESULT,scale_free,64,896,10000,0.0001,123,1232.78,11.588,20,45
RESULT,small_world,64,896,10000,0.0001,123,1353.02,13.1889,22,45
RESULT,random,64,896,10000,0.0001,123,1130.14,12.2557,11,45
RESULT,not_converged,20,45

RESULT,classic,64,896,10000,0.0001,123,862.89,0,5,45
RESULT,scale_free,64,896,10000,0.0001,123,1233.59,11.4118,20,45
RESULT,small_world,64,896,10000,0.0001,123,1353.45,12.8532,22,45
RESULT,random,64,896,10000,0.0001,123,1128.4,12.3615,11,45
RESULT,not_converged,20,45

RESULT,classic,64,896,10000,0.0001,123,863.921,0,5,45
RESULT,scale_free,64,896,10000,0.0001,123,1234.4,11.5959,20,45
RESULT,small_world,64,896,10000,0.0001,123,1353.31,13.0178,22,45
RESULT,random,64,896,10000,0.0001,123,1127.86,12.4967,11,45
RESULT,not_converged,20,45

RESULT,classic,64,896,10000,0.0001,123,863.423,0,5,45
RESULT,scale_free,64,896,10000,0.0001,123,1234.73,11.612,20,45
RESULT,small_world,64,896,10000,0.0001,123,1353.65,13.1796,22,45
RESULT,random,64,896,10000,0.0001,123,1128.06,12.4345,11,45
RESULT,not_converged,20,45

RESULT,classic,64,896,10000,0.0001,123,863.539,0,5,45
RESULT,scale_free,64,896,10000,0.0001,123,1234.48,11.5155,20,45
RESULT,small_world,64,896,10000,0.0001,123,1353.76,12.983,22,45
RESULT,random,64,896,10000,0.0001,123,1128.4,12.3036,11,45
RESULT,not_converged,20,45

RESULT,classic,64,896,10000,0.0001,123,923.892,0,5,45
RESULT,scale_free,64,896,10000,0.0001,123,1231.8,11.5974,20,45
RESULT,small_world,64,896,10000,0.0001,123,1350.87,13.0695,22,45
RESULT,random,64,896,10000,0.0001,123,1125.05,12.4283,11,45
RESULT,not_converged,20,45

RESULT,classic,64,896,10000,0.0001,123,921.894,0,5,45
RESULT,scale_free,64,896,10000,0.0001,123,1234.14,11.6149,20,45
RESULT,small_world,64,896,10000,0.0001,123,1352.55,12.9499,22,45
RESULT,random,64,896,10000,0.0001,123,1128.72,12.3294,11,45
RESULT,not_converged,20,45

RESULT,classic,64,896,10000,0.0001,123,1024.03,0,5,45
RESULT,scale_free,64,896,10000,0.0001,123,1234.6,11.823,20,45
RESULT,small_world,64,896,10000,0.0001,123,1352.47,13.2732,22,45
RESULT,random,64,896,10000,0.0001,123,1128.66,12.8083,11,45
RESULT,not_converged,20,45

RESULT,classic,64,896,10000,0.0001,123,1819.29,0,5,45
RESULT,scale_free,64,896,10000,0.0001,123,2517.49,20.9111,20,45
RESULT,small_world,64,896,10000,0.0001,123,2075.83,14.1723,22,45
RESULT,random,64,896,10000,0.0001,123,1975.66,12.6683,11,45
RESULT,not_converged,20,45


========================================================
>>> RUN PER SEED 456
========================================================
--------------------------------------------------------
=> ESECUZIONE COMANDO: ./topology_serial 64 32 10000 0.0001 456
RESULT,classic,64,32,10000,0.0001,456,22.0571,0,3,45
RESULT,scale_free,64,32,10000,0.0001,456,30.3532,0,5,45
RESULT,small_world,64,32,10000,0.0001,456,33.5325,0,8,45
RESULT,random,64,32,10000,0.0001,456,52.3297,0,7,45
RESULT,not_converged,35,45


--------------------------------------------------------
=> ESECUZIONE COMANDO: mpirun -np 1 ./topology_parallel 64 32 10000 0.0001 456
RESULT,classic,64,32,10000,0.0001,456,50.2204,0,3,45
RESULT,scale_free,64,32,10000,0.0001,456,73.1004,0.233943,5,45
RESULT,small_world,64,32,10000,0.0001,456,81.2424,0.204795,8,45
RESULT,random,64,32,10000,0.0001,456,123.994,0.288176,7,45
RESULT,not_converged,35,45


--------------------------------------------------------
=> ESECUZIONE COMANDO: mpirun -np 2 ./topology_parallel 64 64 10000 0.0001 456
RESULT,classic,64,64,10000,0.0001,456,41.5769,0,3,45
RESULT,scale_free,64,64,10000,0.0001,456,61.6814,0.204009,6,45
RESULT,small_world,64,64,10000,0.0001,456,68.6041,0.22894,15,45
RESULT,random,64,64,10000,0.0001,456,88.7671,0.24107,9,45
RESULT,not_converged,29,45

RESULT,classic,64,64,10000,0.0001,456,102.586,0,3,45
RESULT,scale_free,64,64,10000,0.0001,456,164.364,0.431534,6,45
RESULT,small_world,64,64,10000,0.0001,456,158.346,0.416546,15,45
RESULT,random,64,64,10000,0.0001,456,273.661,0.598519,9,45
RESULT,not_converged,29,45


--------------------------------------------------------
=> ESECUZIONE COMANDO: mpirun -np 4 ./topology_parallel 64 128 10000 0.0001 456
RESULT,classic,64,128,10000,0.0001,456,88.2885,0,6,45
RESULT,scale_free,64,128,10000,0.0001,456,126.525,0.423093,9,45
RESULT,small_world,64,128,10000,0.0001,456,150.071,0.488361,21,45
RESULT,random,64,128,10000,0.0001,456,123.209,0.388171,7,45
RESULT,not_converged,24,45

RESULT,classic,64,128,10000,0.0001,456,88.3409,0,6,45
RESULT,scale_free,64,128,10000,0.0001,456,126.113,0.429802,9,45
RESULT,small_world,64,128,10000,0.0001,456,150.541,0.486815,21,45
RESULT,random,64,128,10000,0.0001,456,123.165,0.399252,7,45
RESULT,not_converged,24,45

RESULT,classic,64,128,10000,0.0001,456,138.062,0,6,45
RESULT,scale_free,64,128,10000,0.0001,456,125.872,0.418461,9,45
RESULT,small_world,64,128,10000,0.0001,456,150.323,0.477879,21,45
RESULT,random,64,128,10000,0.0001,456,135.143,0.389922,7,45
RESULT,not_converged,24,45

