========================================================
ESECUZIONE: WEAK SCALING - PARTICELLE PER PROCESSO COSTANTI - DIM 64, PPS 32, K = NP
Avviata il: Thu Apr  2 19:22:29 CEST 2026
========================================================

========================================================
>>> RUN PER SEED 123
========================================================
--------------------------------------------------------
=> ESECUZIONE COMANDO: ./topology_serial 64 32 10000 0.0001 123
RESULT,classic,64,32,10000,0.0001,123,21.7944,0,3,45
RESULT,scale_free,64,32,10000,0.0001,123,30.0924,0,6,45
RESULT,small_world,64,32,10000,0.0001,123,39.9731,0,10,45
RESULT,random,64,32,10000,0.0001,123,50.1636,0,9,45
RESULT,not_converged,33,45


--------------------------------------------------------
=> ESECUZIONE COMANDO: mpirun -np 1 ./topology_parallel 64 32 10000 0.0001 123
RESULT,classic,64,32,10000,0.0001,123,21.6676,0,3,45
RESULT,scale_free,64,32,10000,0.0001,123,29.7054,0.110861,6,45
RESULT,small_world,64,32,10000,0.0001,123,39.4699,0.129855,10,45
RESULT,random,64,32,10000,0.0001,123,49.6273,0.145571,9,45
RESULT,not_converged,33,45


--------------------------------------------------------
=> ESECUZIONE COMANDO: mpirun -np 2 ./topology_parallel 64 64 10000 0.0001 123
RESULT,classic,64,64,10000,0.0001,123,42.7151,0,4,45
RESULT,scale_free,64,64,10000,0.0001,123,60.2508,0.203146,13,45
RESULT,small_world,64,64,10000,0.0001,123,70.3238,0.234568,18,45
RESULT,random,64,64,10000,0.0001,123,61.6649,0.20158,10,45
RESULT,not_converged,27,45

RESULT,classic,64,64,10000,0.0001,123,42.7903,0,4,45
RESULT,scale_free,64,64,10000,0.0001,123,60.313,0.202649,13,45
RESULT,small_world,64,64,10000,0.0001,123,70.5137,0.234579,18,45
RESULT,random,64,64,10000,0.0001,123,61.5395,0.199862,10,45
RESULT,not_converged,27,45


--------------------------------------------------------
=> ESECUZIONE COMANDO: mpirun -np 4 ./topology_parallel 64 128 10000 0.0001 123
RESULT,classic,64,128,10000,0.0001,123,91.7123,0,5,45
RESULT,scale_free,64,128,10000,0.0001,123,128.301,0.414901,12,45
RESULT,small_world,64,128,10000,0.0001,123,148.87,0.481103,19,45
RESULT,random,64,128,10000,0.0001,123,120.058,0.390405,11,45
RESULT,not_converged,25,45

RESULT,classic,64,128,10000,0.0001,123,91.8357,0,5,45
RESULT,scale_free,64,128,10000,0.0001,123,128.278,0.417365,12,45
RESULT,small_world,64,128,10000,0.0001,123,149.396,0.480932,19,45
RESULT,random,64,128,10000,0.0001,123,119.508,0.390651,11,45
RESULT,not_converged,25,45

RESULT,classic,64,128,10000,0.0001,123,91.4734,0,5,45
RESULT,scale_free,64,128,10000,0.0001,123,128.862,0.418842,12,45
RESULT,small_world,64,128,10000,0.0001,123,149.044,0.48659,19,45
RESULT,random,64,128,10000,0.0001,123,120.433,0.401693,11,45
RESULT,not_converged,25,45

RESULT,classic,64,128,10000,0.0001,123,91.4492,0,5,45
RESULT,scale_free,64,128,10000,0.0001,123,129.05,0.420152,12,45
RESULT,small_world,64,128,10000,0.0001,123,149.452,0.493163,19,45
RESULT,random,64,128,10000,0.0001,123,120.625,0.390385,11,45
RESULT,not_converged,25,45


--------------------------------------------------------
=> ESECUZIONE COMANDO: mpirun -np 8 ./topology_parallel 64 256 10000 0.0001 123
RESULT,classic,64,256,10000,0.0001,123,177.836,0,5,45
RESULT,scale_free,64,256,10000,0.0001,123,250.857,0.796917,14,45
RESULT,small_world,64,256,10000,0.0001,123,296.525,0.967262,22,45
RESULT,random,64,256,10000,0.0001,123,234.855,0.771785,9,45
RESULT,not_converged,22,45

RESULT,classic,64,256,10000,0.0001,123,177.801,0,5,45
RESULT,scale_free,64,256,10000,0.0001,123,251.109,0.79655,14,45
RESULT,small_world,64,256,10000,0.0001,123,296.959,0.95858,22,45
RESULT,random,64,256,10000,0.0001,123,234.743,0.764805,9,45
RESULT,not_converged,22,45

RESULT,classic,64,256,10000,0.0001,123,177.94,0,5,45
RESULT,scale_free,64,256,10000,0.0001,123,251.747,0.844349,14,45
RESULT,small_world,64,256,10000,0.0001,123,297.538,0.952829,22,45
RESULT,random,64,256,10000,0.0001,123,234.47,0.761711,9,45
RESULT,not_converged,22,45

RESULT,classic,64,256,10000,0.0001,123,177.791,0,5,45
RESULT,scale_free,64,256,10000,0.0001,123,252.8,0.81586,14,45
RESULT,small_world,64,256,10000,0.0001,123,297.221,0.961345,22,45
RESULT,random,64,256,10000,0.0001,123,234.143,0.796783,9,45
RESULT,not_converged,22,45

RESULT,classic,64,256,10000,0.0001,123,177.907,0,5,45
RESULT,scale_free,64,256,10000,0.0001,123,251.119,0.803262,14,45
RESULT,small_world,64,256,10000,0.0001,123,298.032,1.00313,22,45
RESULT,random,64,256,10000,0.0001,123,235.156,0.778908,9,45
RESULT,not_converged,22,45

RESULT,classic,64,256,10000,0.0001,123,177.924,0,5,45
RESULT,scale_free,64,256,10000,0.0001,123,252.706,0.806891,14,45
RESULT,small_world,64,256,10000,0.0001,123,298.057,0.963584,22,45
RESULT,random,64,256,10000,0.0001,123,234.701,0.774394,9,45
RESULT,not_converged,22,45

RESULT,classic,64,256,10000,0.0001,123,178.105,0,5,45
RESULT,scale_free,64,256,10000,0.0001,123,252.118,0.798973,14,45
RESULT,small_world,64,256,10000,0.0001,123,297.939,0.963809,22,45
RESULT,random,64,256,10000,0.0001,123,235.571,0.771167,9,45
RESULT,not_converged,22,45

RESULT,classic,64,256,10000,0.0001,123,177.801,0,5,45
RESULT,scale_free,64,256,10000,0.0001,123,253.338,0.802044,14,45
RESULT,small_world,64,256,10000,0.0001,123,299.431,0.968101,22,45
RESULT,random,64,256,10000,0.0001,123,235.936,0.773097,9,45
RESULT,not_converged,22,45


--------------------------------------------------------
=> ESECUZIONE COMANDO: mpirun -np 16 ./topology_parallel 64 512 10000 0.0001 123
RESULT,classic,64,512,10000,0.0001,123,395.492,0,5,45
RESULT,scale_free,64,512,10000,0.0001,123,570.274,2.89469,19,45
RESULT,small_world,64,512,10000,0.0001,123,645.44,3.12987,22,45
RESULT,random,64,512,10000,0.0001,123,521.81,3.22472,12,45
RESULT,not_converged,21,45

RESULT,classic,64,512,10000,0.0001,123,395.679,0,5,45
RESULT,scale_free,64,512,10000,0.0001,123,571.601,3.04205,19,45
RESULT,small_world,64,512,10000,0.0001,123,647.635,3.34188,22,45
RESULT,random,64,512,10000,0.0001,123,523.332,3.39298,12,45
RESULT,not_converged,21,45

RESULT,classic,64,512,10000,0.0001,123,395.749,0,5,45
RESULT,scale_free,64,512,10000,0.0001,123,572.26,2.99186,19,45
RESULT,small_world,64,512,10000,0.0001,123,647.361,3.19266,22,45
RESULT,random,64,512,10000,0.0001,123,523.823,3.29211,12,45
RESULT,not_converged,21,45

RESULT,classic,64,512,10000,0.0001,123,395.817,0,5,45
RESULT,scale_free,64,512,10000,0.0001,123,572.274,3.01762,19,45
RESULT,small_world,64,512,10000,0.0001,123,647.661,3.29652,22,45
RESULT,random,64,512,10000,0.0001,123,524.437,3.35115,12,45
RESULT,not_converged,21,45

RESULT,classic,64,512,10000,0.0001,123,397.215,0,5,45
RESULT,scale_free,64,512,10000,0.0001,123,572.418,3.17675,19,45
RESULT,small_world,64,512,10000,0.0001,123,648.262,3.63533,22,45
RESULT,random,64,512,10000,0.0001,123,523.833,3.50656,12,45
RESULT,not_converged,21,45

RESULT,classic,64,512,10000,0.0001,123,396.257,0,5,45
RESULT,scale_free,64,512,10000,0.0001,123,573.357,3.05917,19,45
RESULT,small_world,64,512,10000,0.0001,123,648.216,3.40622,22,45
RESULT,random,64,512,10000,0.0001,123,524.008,3.24433,12,45
RESULT,not_converged,21,45

RESULT,classic,64,512,10000,0.0001,123,396.046,0,5,45
RESULT,scale_free,64,512,10000,0.0001,123,573.413,2.98593,19,45
RESULT,small_world,64,512,10000,0.0001,123,648.157,3.31179,22,45
RESULT,random,64,512,10000,0.0001,123,524.254,3.23222,12,45
RESULT,not_converged,21,45

RESULT,classic,64,512,10000,0.0001,123,395.841,0,5,45
RESULT,scale_free,64,512,10000,0.0001,123,573.548,3.35669,19,45
RESULT,small_world,64,512,10000,0.0001,123,649.05,4.21122,22,45
RESULT,random,64,512,10000,0.0001,123,523.55,3.4933,12,45
RESULT,not_converged,21,45

RESULT,classic,64,512,10000,0.0001,123,400.463,0,5,45
RESULT,scale_free,64,512,10000,0.0001,123,571.917,2.90406,19,45
RESULT,small_world,64,512,10000,0.0001,123,646.942,3.13688,22,45
RESULT,random,64,512,10000,0.0001,123,523.637,3.19451,12,45
RESULT,not_converged,21,45

RESULT,classic,64,512,10000,0.0001,123,395.868,0,5,45
RESULT,scale_free,64,512,10000,0.0001,123,573.613,2.9161,19,45
RESULT,small_world,64,512,10000,0.0001,123,648.686,3.30191,22,45
RESULT,random,64,512,10000,0.0001,123,524.965,3.32013,12,45
RESULT,not_converged,21,45

RESULT,classic,64,512,10000,0.0001,123,396.095,0,5,45
RESULT,scale_free,64,512,10000,0.0001,123,574.148,3.36845,19,45
RESULT,small_world,64,512,10000,0.0001,123,648.738,3.59672,22,45
RESULT,random,64,512,10000,0.0001,123,524.522,3.42046,12,45
RESULT,not_converged,21,45

RESULT,classic,64,512,10000,0.0001,123,397.105,0,5,45
RESULT,scale_free,64,512,10000,0.0001,123,573.292,2.93137,19,45
RESULT,small_world,64,512,10000,0.0001,123,648.704,3.34192,22,45
RESULT,random,64,512,10000,0.0001,123,525.48,3.38803,12,45
RESULT,not_converged,21,45

RESULT,classic,64,512,10000,0.0001,123,399.544,0,5,45
RESULT,scale_free,64,512,10000,0.0001,123,573.014,3.1102,19,45
RESULT,small_world,64,512,10000,0.0001,123,648.132,3.37007,22,45
RESULT,random,64,512,10000,0.0001,123,525.12,3.56376,12,45
RESULT,not_converged,21,45

RESULT,classic,64,512,10000,0.0001,123,395.449,0,5,45
RESULT,scale_free,64,512,10000,0.0001,123,574.963,3.19754,19,45
RESULT,small_world,64,512,10000,0.0001,123,650.248,3.42382,22,45
RESULT,random,64,512,10000,0.0001,123,525.418,3.46659,12,45
RESULT,not_converged,21,45

RESULT,classic,64,512,10000,0.0001,123,395.924,0,5,45
RESULT,scale_free,64,512,10000,0.0001,123,575.105,2.96065,19,45
RESULT,small_world,64,512,10000,0.0001,123,649.973,3.31119,22,45
RESULT,random,64,512,10000,0.0001,123,526.947,3.28624,12,45
RESULT,not_converged,21,45

RESULT,classic,64,512,10000,0.0001,123,394.22,0,5,45
RESULT,scale_free,64,512,10000,0.0001,123,576.321,3.01089,19,45
RESULT,small_world,64,512,10000,0.0001,123,652.447,3.40503,22,45
RESULT,random,64,512,10000,0.0001,123,528.015,3.45739,12,45
RESULT,not_converged,21,45


--------------------------------------------------------
=> ESECUZIONE COMANDO: mpirun -np 28 ./topology_parallel 64 896 10000 0.0001 123
RESULT,classic,64,896,10000,0.0001,123,873.622,0,5,45
RESULT,scale_free,64,896,10000,0.0001,123,1249.57,12.1484,20,45
RESULT,small_world,64,896,10000,0.0001,123,1371.49,13.505,22,45
RESULT,random,64,896,10000,0.0001,123,1144.86,12.828,11,45
RESULT,not_converged,20,45

RESULT,classic,64,896,10000,0.0001,123,874.701,0,5,45
RESULT,scale_free,64,896,10000,0.0001,123,1254.5,12.2411,20,45
RESULT,small_world,64,896,10000,0.0001,123,1376.31,13.7028,22,45
RESULT,random,64,896,10000,0.0001,123,1147.32,12.691,11,45
RESULT,not_converged,20,45

RESULT,classic,64,896,10000,0.0001,123,873.969,0,5,45
RESULT,scale_free,64,896,10000,0.0001,123,1255.08,11.9738,20,45
RESULT,small_world,64,896,10000,0.0001,123,1376.31,13.2942,22,45
RESULT,random,64,896,10000,0.0001,123,1147.82,12.6671,11,45
RESULT,not_converged,20,45

RESULT,classic,64,896,10000,0.0001,123,874.396,0,5,45
RESULT,scale_free,64,896,10000,0.0001,123,1254.78,12.2295,20,45
RESULT,small_world,64,896,10000,0.0001,123,1376.87,13.7054,22,45
RESULT,random,64,896,10000,0.0001,123,1148.22,12.9889,11,45
RESULT,not_converged,20,45

RESULT,classic,64,896,10000,0.0001,123,874.242,0,5,45
RESULT,scale_free,64,896,10000,0.0001,123,1254.98,12.2633,20,45
RESULT,small_world,64,896,10000,0.0001,123,1378.35,13.807,22,45
RESULT,random,64,896,10000,0.0001,123,1147.23,12.8807,11,45
RESULT,not_converged,20,45

RESULT,classic,64,896,10000,0.0001,123,874.012,0,5,45
RESULT,scale_free,64,896,10000,0.0001,123,1255.94,12.1047,20,45
RESULT,small_world,64,896,10000,0.0001,123,1377.43,13.63,22,45
RESULT,random,64,896,10000,0.0001,123,1147.82,12.6891,11,45
RESULT,not_converged,20,45

RESULT,classic,64,896,10000,0.0001,123,873.731,0,5,45
RESULT,scale_free,64,896,10000,0.0001,123,1255.9,12.1703,20,45
RESULT,small_world,64,896,10000,0.0001,123,1378.53,13.6951,22,45
RESULT,random,64,896,10000,0.0001,123,1147.95,12.8283,11,45
RESULT,not_converged,20,45

RESULT,classic,64,896,10000,0.0001,123,878.193,0,5,45
RESULT,scale_free,64,896,10000,0.0001,123,1253.95,12.2291,20,45
RESULT,small_world,64,896,10000,0.0001,123,1376.27,13.6962,22,45
RESULT,random,64,896,10000,0.0001,123,1147.79,13.2144,11,45
RESULT,not_converged,20,45

RESULT,classic,64,896,10000,0.0001,123,874.63,0,5,45
RESULT,scale_free,64,896,10000,0.0001,123,1256.91,12.1415,20,45
RESULT,small_world,64,896,10000,0.0001,123,1377.68,13.4457,22,45
RESULT,random,64,896,10000,0.0001,123,1147.5,12.6383,11,45
RESULT,not_converged,20,45

RESULT,classic,64,896,10000,0.0001,123,874.464,0,5,45
RESULT,scale_free,64,896,10000,0.0001,123,1256.28,12.1698,20,45
RESULT,small_world,64,896,10000,0.0001,123,1379.53,13.8253,22,45
RESULT,random,64,896,10000,0.0001,123,1146.89,12.4415,11,45
RESULT,not_converged,20,45

RESULT,classic,64,896,10000,0.0001,123,875.291,0,5,45
RESULT,scale_free,64,896,10000,0.0001,123,1256.81,12.438,20,45
RESULT,small_world,64,896,10000,0.0001,123,1376.89,13.7647,22,45
RESULT,random,64,896,10000,0.0001,123,1148.88,13.2775,11,45
RESULT,not_converged,20,45

RESULT,classic,64,896,10000,0.0001,123,874.125,0,5,45
RESULT,scale_free,64,896,10000,0.0001,123,1257.49,12.4122,20,45
RESULT,small_world,64,896,10000,0.0001,123,1377.95,13.777,22,45
RESULT,random,64,896,10000,0.0001,123,1148.99,13.1146,11,45
RESULT,not_converged,20,45

RESULT,classic,64,896,10000,0.0001,123,874.583,0,5,45
RESULT,scale_free,64,896,10000,0.0001,123,1256.33,12.5563,20,45
RESULT,small_world,64,896,10000,0.0001,123,1377.55,13.8602,22,45
RESULT,random,64,896,10000,0.0001,123,1150.43,13.4722,11,45
RESULT,not_converged,20,45

RESULT,classic,64,896,10000,0.0001,123,872.988,0,5,45
RESULT,scale_free,64,896,10000,0.0001,123,1257.8,12.3729,20,45
RESULT,small_world,64,896,10000,0.0001,123,1378.86,13.7582,22,45
RESULT,random,64,896,10000,0.0001,123,1149.85,12.9512,11,45
RESULT,not_converged,20,45

RESULT,classic,64,896,10000,0.0001,123,882.74,0,5,45
RESULT,scale_free,64,896,10000,0.0001,123,1254.2,12.1738,20,45
RESULT,small_world,64,896,10000,0.0001,123,1376.18,13.3165,22,45
RESULT,random,64,896,10000,0.0001,123,1147.08,12.5591,11,45
RESULT,not_converged,20,45

RESULT,classic,64,896,10000,0.0001,123,873.995,0,5,45
RESULT,scale_free,64,896,10000,0.0001,123,1257.76,12.1402,20,45
RESULT,small_world,64,896,10000,0.0001,123,1379,13.6419,22,45
RESULT,random,64,896,10000,0.0001,123,1149.53,12.9557,11,45
RESULT,not_converged,20,45

RESULT,classic,64,896,10000,0.0001,123,873.598,0,5,45
RESULT,scale_free,64,896,10000,0.0001,123,1258.26,12.5217,20,45
RESULT,small_world,64,896,10000,0.0001,123,1379.02,13.8448,22,45
RESULT,random,64,896,10000,0.0001,123,1150.06,13.3581,11,45
RESULT,not_converged,20,45

RESULT,classic,64,896,10000,0.0001,123,874.001,0,5,45
RESULT,scale_free,64,896,10000,0.0001,123,1257.79,12.499,20,45
RESULT,small_world,64,896,10000,0.0001,123,1378.43,13.6753,22,45
RESULT,random,64,896,10000,0.0001,123,1150.84,13.2594,11,45
RESULT,not_converged,20,45

RESULT,classic,64,896,10000,0.0001,123,873.819,0,5,45
RESULT,scale_free,64,896,10000,0.0001,123,1258.11,12.1081,20,45
RESULT,small_world,64,896,10000,0.0001,123,1379.37,13.6131,22,45
RESULT,random,64,896,10000,0.0001,123,1149.93,12.7522,11,45
RESULT,not_converged,20,45

RESULT,classic,64,896,10000,0.0001,123,873.243,0,5,45
RESULT,scale_free,64,896,10000,0.0001,123,1257.66,12.1716,20,45
RESULT,small_world,64,896,10000,0.0001,123,1378.57,13.1126,22,45
RESULT,random,64,896,10000,0.0001,123,1151.82,12.5817,11,45
RESULT,not_converged,20,45

RESULT,classic,64,896,10000,0.0001,123,874.089,0,5,45
RESULT,scale_free,64,896,10000,0.0001,123,1257.58,12.3599,20,45
RESULT,small_world,64,896,10000,0.0001,123,1379.02,13.7061,22,45
RESULT,random,64,896,10000,0.0001,123,1150.78,13.0577,11,45
RESULT,not_converged,20,45

RESULT,classic,64,896,10000,0.0001,123,874.325,0,5,45
RESULT,scale_free,64,896,10000,0.0001,123,1257.06,12.3011,20,45
RESULT,small_world,64,896,10000,0.0001,123,1379.28,13.5705,22,45
RESULT,random,64,896,10000,0.0001,123,1150.87,13.1873,11,45
RESULT,not_converged,20,45

RESULT,classic,64,896,10000,0.0001,123,875.621,0,5,45
RESULT,scale_free,64,896,10000,0.0001,123,1256.71,12.4274,20,45
RESULT,small_world,64,896,10000,0.0001,123,1379.22,13.7654,22,45
RESULT,random,64,896,10000,0.0001,123,1150.5,13.0297,11,45
RESULT,not_converged,20,45

RESULT,classic,64,896,10000,0.0001,123,873.018,0,5,45
RESULT,scale_free,64,896,10000,0.0001,123,1258.63,12.3349,20,45
RESULT,small_world,64,896,10000,0.0001,123,1380.08,13.7912,22,45
RESULT,random,64,896,10000,0.0001,123,1150.57,12.7121,11,45
RESULT,not_converged,20,45

RESULT,classic,64,896,10000,0.0001,123,873.787,0,5,45
RESULT,scale_free,64,896,10000,0.0001,123,1258.49,12.2502,20,45
RESULT,small_world,64,896,10000,0.0001,123,1379.98,13.6543,22,45
RESULT,random,64,896,10000,0.0001,123,1150.66,13.1238,11,45
RESULT,not_converged,20,45

RESULT,classic,64,896,10000,0.0001,123,868.556,0,5,45
RESULT,scale_free,64,896,10000,0.0001,123,1259.14,12.2924,20,45
RESULT,small_world,64,896,10000,0.0001,123,1385.57,13.5682,22,45
RESULT,random,64,896,10000,0.0001,123,1159.77,13.4101,11,45
RESULT,not_converged,20,45

RESULT,classic,64,896,10000,0.0001,123,864.971,0,5,45
RESULT,scale_free,64,896,10000,0.0001,123,1266.62,12.3013,20,45
RESULT,small_world,64,896,10000,0.0001,123,1388.55,13.5813,22,45
RESULT,random,64,896,10000,0.0001,123,1157.95,12.8883,11,45
RESULT,not_converged,20,45

RESULT,classic,64,896,10000,0.0001,123,865.418,0,5,45
RESULT,scale_free,64,896,10000,0.0001,123,1266.43,12.2529,20,45
RESULT,small_world,64,896,10000,0.0001,123,1387.98,13.4581,22,45
RESULT,random,64,896,10000,0.0001,123,1158.55,12.7749,11,45
RESULT,not_converged,20,45


========================================================
>>> RUN PER SEED 456
========================================================
--------------------------------------------------------
=> ESECUZIONE COMANDO: ./topology_serial 64 32 10000 0.0001 456
RESULT,classic,64,32,10000,0.0001,456,21.5468,0,3,45
RESULT,scale_free,64,32,10000,0.0001,456,29.6872,0,5,45
RESULT,small_world,64,32,10000,0.0001,456,32.7411,0,8,45
RESULT,random,64,32,10000,0.0001,456,51.2144,0,7,45
RESULT,not_converged,35,45


--------------------------------------------------------
=> ESECUZIONE COMANDO: mpirun -np 1 ./topology_parallel 64 32 10000 0.0001 456
RESULT,classic,64,32,10000,0.0001,456,21.5831,0,3,45
RESULT,scale_free,64,32,10000,0.0001,456,29.8089,0.107187,5,45
RESULT,small_world,64,32,10000,0.0001,456,32.8344,0.118101,8,45
RESULT,random,64,32,10000,0.0001,456,51.2295,0.143005,7,45
RESULT,not_converged,35,45


--------------------------------------------------------
=> ESECUZIONE COMANDO: mpirun -np 2 ./topology_parallel 64 64 10000 0.0001 456
RESULT,classic,64,64,10000,0.0001,456,41.3254,0,3,45
RESULT,scale_free,64,64,10000,0.0001,456,61.2628,0.203092,6,45
RESULT,small_world,64,64,10000,0.0001,456,68.3706,0.229859,15,45
RESULT,random,64,64,10000,0.0001,456,88.0211,0.239025,9,45
RESULT,not_converged,29,45

RESULT,classic,64,64,10000,0.0001,456,41.4284,0,3,45
RESULT,scale_free,64,64,10000,0.0001,456,61.4612,0.20341,6,45
RESULT,small_world,64,64,10000,0.0001,456,68.1779,0.228452,15,45
RESULT,random,64,64,10000,0.0001,456,88.3677,0.239904,9,45
RESULT,not_converged,29,45


--------------------------------------------------------
=> ESECUZIONE COMANDO: mpirun -np 4 ./topology_parallel 64 128 10000 0.0001 456
RESULT,classic,64,128,10000,0.0001,456,88.1379,0,6,45
RESULT,scale_free,64,128,10000,0.0001,456,125.982,0.412557,9,45
RESULT,small_world,64,128,10000,0.0001,456,150.038,0.497247,21,45
RESULT,random,64,128,10000,0.0001,456,123.304,0.38812,7,45
RESULT,not_converged,24,45

RESULT,classic,64,128,10000,0.0001,456,88.2997,0,6,45
RESULT,scale_free,64,128,10000,0.0001,456,126.5,0.424284,9,45
RESULT,small_world,64,128,10000,0.0001,456,149.753,0.481381,21,45
RESULT,random,64,128,10000,0.0001,456,123.051,0.386598,7,45
RESULT,not_converged,24,45

RESULT,classic,64,128,10000,0.0001,456,88.3627,0,6,45
RESULT,scale_free,64,128,10000,0.0001,456,127.251,0.415139,9,45
RESULT,small_world,64,128,10000,0.0001,456,150.489,0.477913,21,45
RESULT,random,64,128,10000,0.0001,456,124.357,0.387215,7,45
RESULT,not_converged,24,45

RESULT,classic,64,128,10000,0.0001,456,88.2787,0,6,45
RESULT,scale_free,64,128,10000,0.0001,456,127.688,0.413567,9,45
RESULT,small_world,64,128,10000,0.0001,456,151.582,0.478667,21,45
RESULT,random,64,128,10000,0.0001,456,124.379,0.399152,7,45
RESULT,not_converged,24,45


--------------------------------------------------------
=> ESECUZIONE COMANDO: mpirun -np 8 ./topology_parallel 64 256 10000 0.0001 456
RESULT,classic,64,256,10000,0.0001,456,186.533,0,5,45
RESULT,scale_free,64,256,10000,0.0001,456,254.234,0.843554,13,45
RESULT,small_world,64,256,10000,0.0001,456,297.446,0.963488,22,45
RESULT,random,64,256,10000,0.0001,456,240.662,0.789157,14,45
RESULT,not_converged,22,45

RESULT,classic,64,256,10000,0.0001,456,186.688,0,5,45
RESULT,scale_free,64,256,10000,0.0001,456,255.295,0.824428,13,45
RESULT,small_world,64,256,10000,0.0001,456,298.592,0.957292,22,45
RESULT,random,64,256,10000,0.0001,456,240.69,0.780639,14,45
RESULT,not_converged,22,45

RESULT,classic,64,256,10000,0.0001,456,186.526,0,5,45
RESULT,scale_free,64,256,10000,0.0001,456,255.025,0.86052,13,45
RESULT,small_world,64,256,10000,0.0001,456,298.568,0.999211,22,45
RESULT,random,64,256,10000,0.0001,456,241.528,0.806585,14,45
RESULT,not_converged,22,45

RESULT,classic,64,256,10000,0.0001,456,186.47,0,5,45
RESULT,scale_free,64,256,10000,0.0001,456,255.2,0.834774,13,45
RESULT,small_world,64,256,10000,0.0001,456,299.084,0.976616,22,45
RESULT,random,64,256,10000,0.0001,456,241.289,0.776594,14,45
RESULT,not_converged,22,45

RESULT,classic,64,256,10000,0.0001,456,186.484,0,5,45
RESULT,scale_free,64,256,10000,0.0001,456,255.945,0.819047,13,45
RESULT,small_world,64,256,10000,0.0001,456,299.051,0.956243,22,45
RESULT,random,64,256,10000,0.0001,456,241.15,0.774084,14,45
RESULT,not_converged,22,45

RESULT,classic,64,256,10000,0.0001,456,186.527,0,5,45
RESULT,scale_free,64,256,10000,0.0001,456,256.445,0.823094,13,45
RESULT,small_world,64,256,10000,0.0001,456,299.967,0.981497,22,45
RESULT,random,64,256,10000,0.0001,456,240.273,0.777496,14,45
RESULT,not_converged,22,45

RESULT,classic,64,256,10000,0.0001,456,186.71,0,5,45
RESULT,scale_free,64,256,10000,0.0001,456,257.601,0.82483,13,45
RESULT,small_world,64,256,10000,0.0001,456,301.12,0.985323,22,45
RESULT,random,64,256,10000,0.0001,456,243.242,0.777802,14,45
RESULT,not_converged,22,45

RESULT,classic,64,256,10000,0.0001,456,186.296,0,5,45
RESULT,scale_free,64,256,10000,0.0001,456,257.737,0.81916,13,45
RESULT,small_world,64,256,10000,0.0001,456,301.864,0.957574,22,45
RESULT,random,64,256,10000,0.0001,456,242.966,0.794283,14,45
RESULT,not_converged,22,45


--------------------------------------------------------
=> ESECUZIONE COMANDO: mpirun -np 16 ./topology_parallel 64 512 10000 0.0001 456
RESULT,classic,64,512,10000,0.0001,456,389.478,0,7,45
RESULT,scale_free,64,512,10000,0.0001,456,561.513,2.92911,16,45
RESULT,small_world,64,512,10000,0.0001,456,632.973,3.15504,22,45
RESULT,random,64,512,10000,0.0001,456,507.721,3.18817,13,45
RESULT,not_converged,21,45

RESULT,classic,64,512,10000,0.0001,456,389.303,0,7,45
RESULT,scale_free,64,512,10000,0.0001,456,562.469,2.81471,16,45
RESULT,small_world,64,512,10000,0.0001,456,633.04,3.06517,22,45
RESULT,random,64,512,10000,0.0001,456,507.911,3.11594,13,45
RESULT,not_converged,21,45

RESULT,classic,64,512,10000,0.0001,456,388.891,0,7,45
RESULT,scale_free,64,512,10000,0.0001,456,564.216,2.7669,16,45
RESULT,small_world,64,512,10000,0.0001,456,634.183,3.00515,22,45
RESULT,random,64,512,10000,0.0001,456,508.341,3.13497,13,45
RESULT,not_converged,21,45

RESULT,classic,64,512,10000,0.0001,456,390.17,0,7,45
RESULT,scale_free,64,512,10000,0.0001,456,564.048,2.99396,16,45
RESULT,small_world,64,512,10000,0.0001,456,633.722,3.14726,22,45
RESULT,random,64,512,10000,0.0001,456,507.913,3.26847,13,45
RESULT,not_converged,21,45

RESULT,classic,64,512,10000,0.0001,456,389.208,0,7,45
RESULT,scale_free,64,512,10000,0.0001,456,564.954,3.34654,16,45
RESULT,small_world,64,512,10000,0.0001,456,635.751,3.88235,22,45
RESULT,random,64,512,10000,0.0001,456,509.855,3.37975,13,45
RESULT,not_converged,21,45

RESULT,classic,64,512,10000,0.0001,456,389.298,0,7,45
RESULT,scale_free,64,512,10000,0.0001,456,564.855,2.84445,16,45
RESULT,small_world,64,512,10000,0.0001,456,635.693,3.01255,22,45
RESULT,random,64,512,10000,0.0001,456,510.318,3.12944,13,45
RESULT,not_converged,21,45

RESULT,classic,64,512,10000,0.0001,456,389.329,0,7,45
RESULT,scale_free,64,512,10000,0.0001,456,565.102,3.05193,16,45
RESULT,small_world,64,512,10000,0.0001,456,635.921,3.29613,22,45
RESULT,random,64,512,10000,0.0001,456,510.131,3.36024,13,45
RESULT,not_converged,21,45

RESULT,classic,64,512,10000,0.0001,456,389.761,0,7,45
RESULT,scale_free,64,512,10000,0.0001,456,564.672,2.82327,16,45
RESULT,small_world,64,512,10000,0.0001,456,635.753,3.04068,22,45
RESULT,random,64,512,10000,0.0001,456,510.244,3.18495,13,45
RESULT,not_converged,21,45

RESULT,classic,64,512,10000,0.0001,456,388.965,0,7,45
RESULT,scale_free,64,512,10000,0.0001,456,564.957,2.95548,16,45
RESULT,small_world,64,512,10000,0.0001,456,636.465,3.20319,22,45
RESULT,random,64,512,10000,0.0001,456,510.378,3.18717,13,45
RESULT,not_converged,21,45

RESULT,classic,64,512,10000,0.0001,456,391.15,0,7,45
RESULT,scale_free,64,512,10000,0.0001,456,564.84,2.87733,16,45
RESULT,small_world,64,512,10000,0.0001,456,635.019,3.1025,22,45
RESULT,random,64,512,10000,0.0001,456,509.97,3.1717,13,45
RESULT,not_converged,21,45

RESULT,classic,64,512,10000,0.0001,456,391.354,0,7,45
RESULT,scale_free,64,512,10000,0.0001,456,564.624,2.89608,16,45
RESULT,small_world,64,512,10000,0.0001,456,635.286,3.09869,22,45
RESULT,random,64,512,10000,0.0001,456,509.914,3.24559,13,45
RESULT,not_converged,21,45

RESULT,classic,64,512,10000,0.0001,456,389.268,0,7,45
RESULT,scale_free,64,512,10000,0.0001,456,565.286,2.9161,16,45
RESULT,small_world,64,512,10000,0.0001,456,636.59,3.23104,22,45
RESULT,random,64,512,10000,0.0001,456,510.801,3.17576,13,45
RESULT,not_converged,21,45

RESULT,classic,64,512,10000,0.0001,456,389.026,0,7,45
RESULT,scale_free,64,512,10000,0.0001,456,566.068,3.00919,16,45
RESULT,small_world,64,512,10000,0.0001,456,636.303,3.19542,22,45
RESULT,random,64,512,10000,0.0001,456,511.323,3.22855,13,45
RESULT,not_converged,21,45

RESULT,classic,64,512,10000,0.0001,456,390.794,0,7,45
RESULT,scale_free,64,512,10000,0.0001,456,566.006,2.97796,16,45
RESULT,small_world,64,512,10000,0.0001,456,636.07,3.15442,22,45
RESULT,random,64,512,10000,0.0001,456,510.726,3.24353,13,45
RESULT,not_converged,21,45

RESULT,classic,64,512,10000,0.0001,456,392.713,0,7,45
RESULT,scale_free,64,512,10000,0.0001,456,565.598,3.79734,16,45
RESULT,small_world,64,512,10000,0.0001,456,635.867,4.1469,22,45
RESULT,random,64,512,10000,0.0001,456,509.535,3.61816,13,45
RESULT,not_converged,21,45

RESULT,classic,64,512,10000,0.0001,456,407.573,0,7,45
RESULT,scale_free,64,512,10000,0.0001,456,563.943,2.86769,16,45
RESULT,small_world,64,512,10000,0.0001,456,634.003,3.02153,22,45
RESULT,random,64,512,10000,0.0001,456,509.699,3.32889,13,45
RESULT,not_converged,21,45


--------------------------------------------------------
=> ESECUZIONE COMANDO: mpirun -np 28 ./topology_parallel 64 896 10000 0.0001 456
